243.033
419.147
323.644
376.123
219.415
505.766
445.639
172.961
312.983
93.676
444.608
332.33
389.869
304.613
333.749
412.078
235.307
285.052
522.822
606.009
272.082
362.954
249.467
562.624
438.305
198.453
241.488
408.051
325.748
390.281
364.12
279.749
437.133
447.732
417.603
282.424
266.333
245.647
184.644
150.091
138.66
326.972
116.467
259.771
224.032
504.657
360.91
215.362
283.047
250.336
187.749
312.932
124.032
185.455
372.555
385.469
213.717
109.982
185.684
380.387
377.061
179.762
265.985
397.667
440.683
264.666
298.315
140.241
359.54
286.274
140.432
341.49
315.419
370.215
174.959
436.247
599.058
163.71
217.624
189.041
316.293
274.489
233.496
604.287
246.321
646.717
362.679
188.694
167.944
225.117
518.939
193.522
314.161
378.336
189.307
492.336
320.894
125.67
333.459
609.201
160.887
292.946
183.229
663.815
295.557
96.369
351.22
273.061
213.405
688.805
267.688
304.502
439.986
220.264
395.207
457.572
245.074
252.977
371.382
641.988
234.826
911.408
303.499
112.001
167.613
362.22
103.756
226.432
590.052
208.744
486.512
338.558
253.154
161.884
414.505
174.86
572.181
632.262
118.973
306.723
420.235
161.289
356.801
212.051
604.7
175.047
199.268
281.995
345.538
260.868
345.261
434.143
378.385
225.932
723.6
491.431
294.475
219.87
455.315
173.098
377.098
514.959
330.384
155.161
102.416
323.971
579.299
419.781
197.062
448.276
160.442
316.697
140.255
205.055
343.405
325.293
238.57
633.949
528.394
212.935
94.232
521.605
824.662
203.332
222.373
250.966
285.081
304.329
202.709
511.254
296.436
225.807
424.832
271.282
400.098
227.191
175.406
325.959
160.946
495.458
399.731
437.529
372.034
410.195
606.86
682
281.653
487.903
343.253
149.833
435.665
165.292
764.859
873.395
445.528
156.381
164.003
215.986
253.911
158.893
203.782
387.525
424.619
145.646
309.7
406.89
431.05
383.685
432.097
129.612
328.388
251.975
402.12
306.891
152.476
233.016
138.102
375.218
341.493
430.938
271.788
117.836
406.865
681.755
227.486
596.718
231.679
279.558
403.063
548.896
229.451
344.756
101.664
177.298
251.514
240.876
196.761
333.529
375.786
425.29
99.008
341.61
674.934
435.571
412.612
690.932
491.244
400.636
216.401
171.905
568.351
298.64
368.704
178.523
784.981
280.209
242.961
464.41
437.674
732.273
219.315
314.067
142.074
309.635
358.1
226.612
120.651
280.118
83.101
178.607
180.661
517.895
887.426
843.405
458.052
874.265
246.483
658.158
318.421
592.227
212.64
385.914
401.035
666.52
260.34
387.055
431.858
513.949
436.793
199.611
359.691
402.979
415.701
272.784
260.7
360.503
217.957
185.368
399.191
206.121
354.513
652.667
166.488
714.228
254.791
711.04
447.345
529.351
127.69
250.589
665.958
586.168
292.603
264.263
463.731
251.479
161.829
306.744
716.28
220.392
622.434
555.432
351.001
488.38
284.166
169.063
375.443
220.476
186.929
104.468
404.843
410.596
126.262
517.032
170.103
251.162
180.347
652.593
426.115
160.886
133.956
309.995
127.076
424.027
263.049
279.664
129.868
234.448
315.361
277.867
651.528
251.809
225.756
178.219
607.777
166.15
538.101
421.663
296.11
425.116
422.483
278.762
190.516
325.781
423.642
395.505
952.997
197.439
306.911
208.638
142.463
383.798
148.586
478.045
453.215
183.997
415.781
527.026
98.755
167.789
622.496
843.912
329.092
336.416
555.875
201.751
302.07
268.997
561.354
204.018
485.756
385.06
287.46
612.949
473.587
230.159
230.268
227.077
367.811
264.304
400.892
310.207
197.883
347.196
150.658
489.169
251.824
166.002
422.332
716.535
126.802
282.447
378.426
631.756
265.553
337.78
158.257
159.838
246.304
526.318
321.718
369.879
464.402
227.956
366.118
202.365
183.591
174.017
193.379
510.267
286.165
321.185
63.54
357.206
270.359
320.926
152.442
387.409
229.472
308.032
433.951
371.346
233.908
219.081
970.061
274.377
566.98
181.019
146.696
693.288
125.493
358.734
185.181
133.925
461.415
479.145
299.333
151.776
413.263
344.259
147.657
203.498
501.566
244.237
246.866
555.551
222.152
274.24
295.984
491.609
215.888
406.976
179.092
380.497
159.18
366.632
322.083
233.988
222.876
205.631
428.125
593.906
230.718
258.336
521.924
324.581
250.123
581.06
343.917
206.969
198.597
225.621
429.307
586.337
299.424
203.768
247.844
406.131
847.648
203.512
396.892
196.272
417.259
408.167
392.179
113.319
679.129
463.454
315.059
126.815
384.727
287.145
332.017
271.563
349.02
526.286
388.092
711.068
145.723
301.411
703.124
177.724
315.608
720.912
661.389
249.019
247.236
307.859
642.486
205.472
293.417
313.738
221.626
541.045
284.28
242.137
285.667
429.185
144.966
270.863
271.708
275.242
107.521
129.053
1165.55
473.602
138.413
336.727
648.152
477.995
296.111
591.539
326.19
301.258
360.078
485.543
630.857
112.481
338.741
174.89
239.344
653.366
591
191.165
507.882
87.852
161.506
103.601
283.261
494.364
460.629
234.809
256.758
329.496
267.78
403.661
258.315
217.006
332.035
446.474
466.648
393.567
685.127
385.561
825.204
1077.66
230.124
533.995
276.317
183.902
846.284
152.311
204.982
511.709
260.719
186.518
427.947
327.671
275.553
315.701
419.917
69.842
316.389
483.855
459.035
267.512
88.305
211.554
399.322
90.898
296.675
157.673
212.203
192.496
236.035
344.822
406.783
290.959
349.332
318.093
585.182
259.659
221.58
172.026
383.324
390.302
537.975
246.392
75.342
390.911
242.09
205.113
321.032
272.72
404.826
233.656
166.814
288.511
488.339
303.142
119.436
457.974
670.331
146.053
291.102
368.662
478.65
389.282
444.908
175.053
245.942
386.663
664.309
275.124
683.112
320.995
347.707
321.967
173.63
347.166
80.573
357.077
440.046
376.075
132.893
227.513
211.507
447.454
141.774
440.342
288.99
189.437
396.887
550.672
264.846
363.249
103.673
721.14
642.033
224.79
447.895
272.108
257.553
609.824
147.835
238.269
277.269
292.379
218.854
419.769
646.27
244.993
378.193
338.151
579.781
546.766
444.97
260.792
196.744
297.245
536.455
504.374
418.191
168.935
479.365
182.454
546.567
326.496
128.888
248.612
509.129
297.083
900.556
287.267
237.378
386.844
578.202
210.495
193.254
833.855
396.26
293.084
459.904
168.733
207.42
237.852
194.878
303.439
244.193
390.309
767.664
470.917
442.368
207.826
214.204
303.391
103.378
595.275
304.761
238.016
165.616
196.468
404.518
465.755
187.493
176.248
452.668
323.695
776.922
385.114
409.398
1016.15
506.807
301.281
350.732
342.176
174.889
89.599
344.87
189.392
1281.27
304.781
148.171
156.609
302.62
185.152
394.315
107.584
479.832
1184.58
284.073
173.976
282.812
242.382
108.997
627.187
134.826
386.428
217.059
654.525
206.426
525.964
159.474
164.916
152.857
184.733
239.765
249.593
253.642
391.09
147.639
381.715
173.127
498.196
809.751
183.301
162.545
455.073
865.418
626.476
352.84
205.171
324.138
320.014
363.502
404.396
68.715
1100.43
351.112
531.225
234.932
379.554
396.712
266.284
442.354
188.039
234.64
177.271
570.117
312.338
524.951
213.86
366.541
418.175
137.38
140.773
511.151
151.906
531.132
479.531
302.349
234.609
574.674
592.25
78.156
245.977
512.983
254.918
630.596
212.879
375.715
686.937
647.587
175.859
528.223
601.581
350.333
496.704
196.134
313.752
321.417
232.62
146.446
398.375
242.192
308.683
632.938
384.138
494.76
597.212
886.006
218.338
369.796
370.096
417.983
171.711
321.301
241.471
123.561
285.907
406.783
198.451
447.147
407.841
315.241
221.8
163.344
214.286
685.753
209.748
335.204
288.471
433.697
337.428
631.74
175.643
228.364
688.476
265.95
351.691
467.937
626.792
68.133
423.767
347.692
292.803
308.556
248.288
248.877
218.25
567.411
393.973
192.305
116.286
485.158
1198.72
148.393
428.859
71.421
411.738
270.075
233.942
273.459
333.887
177.112
650.209
107.15
174.928
324.446
124.305
230.594
288.317
234.18
306.34
242.377
139.902
393.651
274.305
740.531
405.299
503.135
156.007
214.548
381.347
393.183
153.936
303.428
553.233
184.9
291.954
207.363
573.164
362.339
417.423
156.855
571.124
183.456
250.09
347.74
459.048
431.065
396.966
242.86
378.728
318.715
219.537
187.14
273.042
351.21
243.637
209.342
356.261
360.569
574.046
258.097
402.362
350.283
207.612
858.829
434.554
167.486
428.529
342.423
185.201
313.859
651.845
218.462
496.272
87.362
463.275
