94.364
84.893
85.467
83.388
82.949
85.003
81.741
85.471
81.969
87.219
84.675
87.649
81.898
81.797
85.571
78.784
80.649
80.369
84.404
82.409
80.609
81.448
82.645
86.5
81.773
84.442
83.155
82.534
86.721
82.989
82.085
81.086
81.921
85.299
79.611
86.225
80.229
82.409
85.823
79.996
85.59
80.833
80.325
86.548
80.781
83.249
80.24
85.114
80.685
83.529
82.971
80.513
85.919
80.631
81.118
80.997
83.221
83.728
82.258
81.813
79.734
89.319
82.965
81.385
83.785
81.094
81.366
83.639
82.498
81.365
81.431
85.804
81.122
81.421
81.729
81.558
83.534
79.901
86.151
83.105
80.484
79.279
81.263
87.716
79.314
79.235
81.384
82.529
85.12
79.528
82.051
80.126
83.921
81.837
79.908
91.495
80.672
80.711
79.989
80.17
86.633
79.439
88.735
80.239
80.556
89.379
82.221
91.597
82.151
86.537
79.098
80.08
82.016
80.024
79.454
78.35
87.119
83.57
80.861
81.36
81.905
88.491
79.263
80.529
81.926
82.189
82.085
80.475
81.933
80.77
80.195
81.571
81.544
82.209
82.114
83.706
83.835
82.541
81.395
80.46
81.874
80.595
79.161
83.19
81.358
81.127
82.72
81.815
80.769
80.819
85.562
81.178
81.066
88.274
79.102
85.669
81.07
79.376
79.879
82.424
86.322
79.866
81.044
80.381
80.772
84.499
79.885
87.732
81.268
86.342
82.968
82.662
85.703
81.023
89.062
80.132
81.234
79.667
80.903
92.965
95.177
97.208
87.258
79.264
81.573
81.8
83.737
89.773
101.158
87.389
95.598
85.809
92.246
88.829
99.025
96.609
96.249
96.874
100.195
125.302
108.186
111.358
107.566
103.225
87.941
88.691
100.714
104.302
98.927
98.514
96.949
106.725
105.71
107.441
96.753
73.578
77.668
75.991
76.135
91.527
90.791
100.989
89.702
79.143
77.788
74.263
74.677
84.224
79.865
78.093
73.552
77.796
73.575
80.188
73.441
83.864
80.03
74.155
81.152
81.626
78.488
78.207
78.365
77.364
88.947
79.521
73.467
77.992
74.382
72.825
72.394
73.767
72.996
73.428
73.849
73.318
74.536
72.797
74.747
72.952
72.686
73.177
72.961
74.979
75.199
92.84
86.738
87.564
92.394
75.645
73.488
83.483
96.196
95.092
102.947
100.481
93.639
77.127
93.291
94.564
100.842
93.489
77.622
78.89
91.456
78.458
76.422
84.28
93.613
95.393
100.973
95.694
96.095
93.719
95.547
82.969
72.493
73.173
73.807
77.38
72.416
74.243
72.359
72.648
75.25
72.787
74.675
72.897
72.138
74.411
74.18
76.681
74.636
75.807
74.359
72.217
72.451
78.599
72.558
82.305
83.276
73.189
77.47
76.072
78.182
82.983
73.135
79.413
85.158
88.352
76.713
78.132
74.02
73.05
76.371
72.262
75.365
81.347
73.309
75.408
77.492
76.141
75.376
73.121
84.37
75.778
76.258
76.385
72.157
75.32
90.224
84.775
85.551
94.527
99.812
86.161
95.245
92.998
97.704
114.702
112.298
108.979
95.408
84.706
75.762
74.088
74.54
77.789
74.291
74.454
75.303
75.08
73.668
73.404
72.054
74.476
72.439
79.428
73.72
74.39
79.717
89.9
78.772
77.796
80.983
87.196
88.374
90.543
85.793
85.042
82.272
82.473
82.682
82.815
82.214
80.872
84.732
91.148
85.788
84.061
82.127
80.871
98.94
82.94
81.621
92.272
81.318
87.581
83.12
81.186
93.808
83.827
83.113
85.758
90.302
105.51
94.121
74.377
76.442
76.28
76.521
84.657
102.889
77.717
75.829
87.1
100.215
74.222
73.69
74.754
73.24
72.925
72.205
73.076
74.72
72.538
72.388
73.799
77.775
72.974
73.231
72.521
73.73
72.736
75.296
75.012
73.585
72.922
74.691
74.162
75.65
72.829
73.547
74.229
72.989
74.531
78.872
73.839
88.142
74.246
74.037
72.191
74.048
74.244
73.469
76.664
82.356
72.189
74.511
72.193
73.212
76.081
76.787
78.276
78.069
77.948
79.836
77.703
79.114
79.814
79.751
80.566
78.598
76.66
77.314
90.419
80.191
75.701
89.523
92.782
91.723
93.082
90.419
85.029
91.49
105.209
97.044
97.435
101.523
103.55
100.183
87.917
87.186
89.624
88.981
93.599
94.549
83.776
78.628
82.408
90.439
97.377
89.382
91.94
92.236
92.649
93.33
92.217
88.902
90.699
89.26
95.838
93.278
103.22
86.635
86.819
89.438
86.344
90.635
84.735
83.511
85.076
91.031
84.107
83.054
83.676
83.251
94.113
94.371
100.464
87.331
89.866
82.868
81.417
85.021
82.076
81.134
82.428
86.564
84.407
83.045
94.655
83.993
85.287
83.374
89.63
81.259
82.959
81.427
83.623
90.263
84.466
86.883
80.377
82.828
83.79
82.683
94.619
84.715
92.107
82.392
88.159
83.077
83.275
84.913
82.842
89.662
84.026
86.13
83.756
89.639
89.197
88.336
89.157
88.88
95.047
90.518
93.581
90.19
97.643
89.14
90.822
86.479
91.751
94.571
88.458
93.535
91.943
95.653
92.961
93.215
92.853
97.681
92.795
89.107
91.429
81.285
88.712
82.656
84.083
80.945
83.88
82.906
81.312
87.716
83.638
87.231
83.943
86.167
81.736
81.349
87.823
82.704
99.208
92.862
96.69
90.995
91.918
91.542
95.039
93.169
92.099
91.203
83.713
81.267
84.565
90.011
82.331
83.668
82.013
81.37
81.021
84.117
89.444
90.884
90.87
90.863
92.403
94.333
90.737
90.882
92.358
90.168
91.008
91.277
91.793
91.604
90.968
92.107
98.063
92.233
90.869
93.393
93.671
90.252
94.926
92.173
93.941
92.944
92.103
90.632
90.863
91.35
93.064
94.894
90.198
92.177
91.222
92.675
90.161
91.752
91.158
89.569
93.537
92.969
94.109
92.774
91.843
89.165
90.789
92.459
92.413
91.744
91.975
91.862
94.193
94.508
91.691
94.855
90.934
90.052
92.509
93.146
90.831
93.195
94.291
94.714
95.511
93.741
95.67
93.748
101.543
90.984
86.992
83.362
79.184
82.129
80.78
80.748
79.731
81.998
81.413
85.588
84.086
82.63
88.991
83.934
85.473
82.388
84.338
82.233
81.876
88.918
83.549
90.392
83.835
82.472
83.239
80.269
87.883
86.152
81.904
83.749
81.924
83.888
82.193
89.069
81.965
87.37
82.602
82.085
86.549
82.308
81.604
83.142
86.183
82.957
83.597
83.243
82.063
87.964
82.802
86.854
84.186
79.49
81.659
79.605
88.607
86.733
83.143
82.238
81.87
83.859
81.326
89.475
85.55
83.775
83.563
81.656
83.831
82.623
87.182
83.7
81.852
83.573
83.849
89.627
81.629
80.32
82.228
81.01
87.861
83.797
81.841
82.594
84.695
84.866
85.844
81.562
80.902
88.11
81.233
88.2
84.583
82.655
86.951
80.119
82.482
82.672
83.692
83.552
81.275
88.54
83.336
88.795
82.026
88.812
84.115
83.203
90.428
82.315
81.64
81.014
84.952
91.746
81.097
82.336
80.914
89.651
81.247
82.17
80.572
80.566
87.304
80.09
87.794
81.706
80.969
82.633
80.573
89.629
81.683
86.509
80.689
82.086
81.028
83.679
87.606
81.792
81.769
82.152
81.841
90.109
82.067
93.184
85.482
95.6
83.232
83.818
81.683
81.994
90.895
85.164
80.445
92.867
82.66
82.877
81.685
86.783
80.309
84.582
83.342
81.827
86.119
82.996
88.316
81.717
88.627
84.765
81.86
94.661
83.809
90.58
82.979
87.151
87.198
82.768
84.528
80.506
85.453
82.115
85.584
85.359
85.966
82.977
82.562
84.191
80.715
86.765
81.92
81.42
81.667
83.158
91.712
83.527
87.068
82.043
86.571
81.757
81.628
82.263
82.717
88.913
84.872
84.802
84.072
82.328
82.542
82.607
87.634
81.061
81.942
82.821
82.175
90.542
83.78
88.592
82.375
82.624
84.498
84.082
81.395
82.195
90.43
83.295
83.76
89.119
82.917
81.057
81.773
81.89
83.215
82.998
82.494
80.108
83.815
81.303
84.448
81.329
82.806
81.038
81.669
82.498
85.301
81.864
82.309
82.279
82.282
82.435
79.901
82.948
84.41
82.165
81.215
83.241
81.955
82.996
81.688
82.122
80.858
84.412
81.627
81.33
82.618
82.704
80.56
83.82
81.3
84.45
82.359
81.284
89.144
82.981
82.63
82.302
85.96
82.784
83.286
88.769
84.034
80.993
81.063
84.986
89.192
81.046
86.884
81.579
88.936
82.942
88.388
