9.381
4.157
4.393
7.486
1.905
8.855
1.656
3.247
4.171
2.024
5.432
6.741
6.584
4.56
5.57
4.391
6.161
7.112
1.751
5.838
6.155
4.965
2.942
2.326
4.667
2.954
2.931
2.279
1.303
2.999
6.242
4.75
4.07
1.385
3.785
3.78
7.16
3.462
2.294
2.374
1.912
3.779
4.359
2.704
2.44
5.124
3.66
3.268
9.987
2.179
7.17
3.585
3.046
3.806
2.774
1.67
3.653
3.517
1.793
3.225
5.557
2.701
7.664
6.764
6.01
2.925
2.452
7.334
5.71
7.141
2.855
6.64
1.107
1.623
3.644
10.501
3.323
4.778
8.446
2.753
1.47
6.137
2.591
2.547
2.241
12.451
17.326
2.746
2.869
2.816
2.065
2.961
5.805
2.837
3.955
7.391
5.941
3.093
3.78
2.611
3.779
3.918
3.369
1.826
4.4
1.765
4.618
3.995
1.91
4.27
5.003
1.76
3.915
3.798
4.138
4.992
2.257
2.279
3.981
3.792
1.821
3.099
6.826
4.906
1.746
2.918
4.827
3.448
4.351
4.347
3.868
5.124
3.053
2.382
2.625
5.929
5.223
5.95
3.996
1.336
4.186
1.558
3.338
3.342
5.33
4.942
2.13
2.771
3.038
4.944
2.26
2.57
5.092
0.641
10.132
5.728
4.081
3.177
3.299
1.77
8.148
3.976
4.047
6.201
2.691
1.158
4.392
3.881
4.542
4.214
7.746
3.284
4.221
2.109
13.474
2.869
3.237
4.77
4.17
3.828
4.227
4.24
7.018
2.988
5.854
2.408
3.537
3.056
7.339
5.546
2.93
3.664
2.176
9.087
4.766
1.988
0.731
3.742
8.118
6.191
10.077
8.652
7.718
3.291
4.002
2.147
3.366
3.378
1.206
4.114
2.552
2.008
2.22
5.393
4.205
1.866
1.204
3.256
4.398
2.579
4.138
9.593
2.974
5.949
0.749
5.714
4.024
6.924
3.652
1.972
9.054
2.295
2.588
2.536
3.599
1.938
2.481
4.399
1.911
2.139
2.814
7.737
11.407
2.815
3.353
3.843
3.015
1.341
6.891
2.037
5.151
8.322
2.69
2.177
9.434
5.237
3.581
3.7
1.274
2.454
6.448
12.724
2.498
4.562
2.975
7.276
1.497
1.589
1.53
4.466
4.864
2.693
4.387
3.411
3.087
7.38
4.236
6.251
1.956
1.96
6.812
7.044
2.191
4.802
8.484
6.591
1.401
3.416
8.487
1.455
2.128
2.075
4.506
2.548
3.471
9.038
3.595
5.209
7.414
3.73
3.08
2.88
1.273
1.903
6.82
2.454
4.439
2.259
3.343
7.055
7.91
1.407
6.359
5.811
3.378
3.916
1.728
3.227
7.681
1.55
3.832
6.129
2.796
10.363
4.419
3.349
4.177
1.131
3.545
1.713
4
6.056
3.656
3.357
8.008
3.383
4.601
2.207
10.858
2.658
2.154
5.264
6.132
2.972
3.719
4.16
3.038
2.324
3.958
3.704
7.481
2.468
5.796
3.682
2.121
7.349
9.854
4.912
2.702
2.006
2.68
3.103
2.883
5.582
2.937
4.105
4.452
3.834
1.58
8.323
8.341
1.182
7.978
1.806
4.172
3.407
9.083
7.313
1.184
2.194
3.42
3.655
1.768
1.426
3.98
4.059
3.855
1.363
4.951
5.001
8.598
6.608
2.531
5.528
5.254
3.145
2.375
3.841
6.585
1.815
4.939
4.784
1.453
2.295
3.101
3.331
2.121
6.994
3.059
1.744
1.492
4.418
4.297
1.069
6.979
1.401
2.428
5.101
6.9
4.162
2.656
1.012
1.586
3.473
2.185
3.434
8.659
11.013
3.962
2.639
5.154
2.906
5.642
3.62
1.021
4.604
6.052
2.232
2.33
3.742
4.693
5.971
3.888
4.084
3.028
5.837
4.659
4.175
6.622
6.244
4.712
6.404
3.715
6.129
4.169
3.286
3.053
7.838
3.281
6.212
1.521
7.066
6.181
4.001
3.827
1.17
2.426
2.769
5.124
3.702
9.074
4.588
4.781
3.864
7.104
9.217
3.218
4.21
2.351
3.113
10.032
2.415
2.67
3.126
4.073
4.462
2.505
3.147
2.575
3.676
4.512
1.952
1.877
1.673
2.43
7.868
1.31
2.146
1.972
2.064
0.959
2.365
2.189
1.578
6.882
6.56
1.841
6.193
2.261
3.756
4.485
2.024
6.893
2.397
1.854
1.58
4.332
2.905
2.393
5.774
2.836
7.43
1.684
8.208
2.389
1.151
4.377
2.065
2.911
1.262
5.527
6.767
6.787
3.463
2.032
3.224
6.592
1.651
4.081
7.178
1.357
3.629
2.082
3.798
2.83
4.933
2.993
6.515
7.004
2.091
4.2
3.404
1.979
5.662
1.008
3.214
5.525
10.623
3.521
4.669
5.449
3.601
4.58
8.089
3.928
6.004
9.909
5.853
5.817
2.448
4.64
1.573
8.877
4.664
3.284
6.3
1.716
1.258
1.634
6.572
6.492
3.334
2.577
5.057
2.577
2.988
4.781
2.105
3.079
8.597
4.127
4.044
6.463
6.52
3.51
2.264
3.914
4.961
4.871
8.532
2.44
4.236
3.31
1.525
1.572
2.132
3.123
5.179
1.628
4.888
7.381
3.016
10.096
1.413
2.829
6.006
2.83
4.606
5.031
3.329
3.889
5.356
4.415
3.326
3.196
2.427
6.374
3.18
3.353
4.147
4.514
2.714
1.775
3.097
3.279
7.903
3.111
5.275
3.682
4.3
1.335
4.789
4.512
3.177
4.296
2.203
6.107
12.419
1.13
4.958
6.594
4.187
2.148
3.047
3.755
1.817
3.14
6.436
2.789
10.923
4.846
1.043
3.743
5.622
4.959
2.918
10.547
4.22
3.08
6.282
6
2.552
8.67
3.934
3.492
4.278
5.108
1.207
3.974
3.363
2.613
8.468
4.478
3.518
3.413
4.524
1.257
3.073
3.339
3.477
3.728
8.419
8.538
3.8
3.194
3.634
0.81
3.161
4.44
3.751
1.698
3.433
7.398
9.191
0.92
2.128
5.518
0.94
2.243
5.779
5.689
3.984
0.812
1.44
4.398
4.155
1.132
4.186
1.985
6.469
1.673
1.238
1.554
4.721
4.366
2.199
2.303
2.201
0.878
3.416
2.876
7.742
2.897
19.152
1.939
1.571
1.322
7.438
5.783
4.578
4.374
1.992
2.988
3.617
5.022
3.18
2.127
3.247
7.487
4.997
1.649
2.635
2.226
4.145
5.744
7.46
2.517
3.532
9.034
3.241
2.41
6.21
4.82
4.556
8.532
2.845
4.341
9.627
3.6
1.637
4.412
1.36
1.132
3.117
6.813
2.493
1.352
2.911
3.015
1.798
1.42
5.147
2.001
4.301
1.57
1.823
5.343
3.163
5.185
5.698
5.227
1.201
1.689
3.814
4.833
2.246
3.643
2.165
2.88
4.24
1.407
3.967
4.926
2.594
3.131
1.428
7.905
4.411
3.795
3.835
2.656
2.967
4.401
3.738
5.105
4.942
7.308
2.039
8.668
2.071
3.846
3.824
4.938
5.402
0.626
6.209
2.068
5.189
6.509
3.07
8.851
5.089
1.055
2.458
7.834
1.944
5.276
5.448
3.939
12.099
5.211
10.122
8.718
5.509
4.394
2.438
4.604
3.587
7.124
1.654
2.97
8.066
3.373
2.53
5.065
11.89
2.976
3.894
4.007
7.365
6.896
2.033
7.574
1.992
2.501
4.815
6.022
3.295
6.283
2.558
2.706
5.962
7.619
4.338
2.394
6.001
2.89
5.68
1.609
3.139
9.008
1.602
8.686
3.019
3.621
5.922
3.228
4.272
8.082
2.905
3.101
10.648
2.357
5.052
13.295
2.071
3.628
3.018
2.375
3.787
2.079
2.499
5.917
2.345
1.824
4.651
2.588
4.722
6.027
7.849
3.859
5.549
2.196
4.607
6.238
4.417
3.055
1.426
8.354
2.069
2.401
5.575
3.953
3.395
3.35
0.843
2.448
3.938
4.181
2.931
8.083
4.751
1.049
5.465
7.251
7.444
2.387
2.699
2.362
4.519
4.809
10.698
5.182
2.552
1.54
3.879
8.312
2.269
3.048
11.424
4.872
11.427
2.495
4.4
5.099
3.892
4.281
4.43
3.394
5.1
2.801
5.725
1.689
7.591
2.58
6.461
9.456
3.389
1.409
4.111
2.666
1.954
7.227
6.269
2.626
3.645
9.094
3.266
3.722
6.567
16.543
4.974
6.111
4.547
1.944
1.806
6.547
4.154
3.735
9.158
12.67
3.365
2.313
4.517
3.584
3.492
11.209
5.549
1.936
2.629
