1000
43032.8474	53286.5654
88592.7339	1755.9934
41885.4878	74504.6103
18575.8092	87934.1767
79529.962	70583.4160
81625.2983	89946.6920
64566.3731	55842.3389
15113.4749	96315.3007
40513.1139	37653.8030
38921.4313	94878.2153
33647.5381	16562.6782
36933.6117	26162.4648
5464.1827	87744.8219
94119.6579	33308.1218
19395.6942	76602.6797
69300.9471	74744.4733
93758.5704	86290.1025
62334.5104	20098.874
44091.8576	72121.8504
10399.7859	79306.7709
86584.5450	9756.6813
79121.9283	48757.4110
56051.2517	67004.6819
75096.7976	81529.6480
70096.1870	30261.2587
81602.367	8659.3853
96762.4514	65597.7280
49257.8267	18280.9960
91934.3507	68473.6767
90763.9881	868.7368
17369.7187	55620.8953
11382.9033	33084.4752
98136.1084	90189.911
23420.1245	55287.1177
66312.7832	12385.1024
77169.6028	49175.5935
59041.6149	59747.7778
62893.6721	95600.498
41994.2583	20067.4601
23882.4310	65752.5504
54143.6810	42444.3000
7993.8432	96959.1244
5448.6249	37721.2185
16478.2063	81397.1947
77398.2614	760.5416
70786.4836	30845.3074
69737.9273	90141.486
64708.8524	37035.9997
35309.201	11932.7029
15899.8871	86379.7477
22519.8649	49210.7673
50256.6641	10659.3862
33656.9567	21686.9949
74529.7917	84842.1341
90020.7470	22688.8913
34875.1257	47641.4144
22769.3692	54677.2984
54977.548	19461.9492
88602.261	5659.2463
21890.5037	12294.1071
15990.3384	21336.3525
36290.9157	97843.7583
97866.8925	96182.5595
99273.5588	5295.5255
31984.7643	82035.7143
68290.9526	93225.660
7094.7148	16052.1667
42367.4689	75314.1734
60933.2849	47457.8852
81184.5377	55314.7520
47166.4237	2759.3073
73234.827	52213.6324
84939.8165	25179.4048
11649.1389	51282.1854
35950.6128	90942.2809
59601.4544	31049.7345
94255.2130	82702.1099
79753.9899	65828.8802
15791.6226	54653.7051
82172.3738	58753.5913
46601.1696	52369.9313
70981.7499	13611.4907
1107.8354	77119.1788
76558.6027	68309.2308
8755.6228	64252.329
22578.1920	90479.2812
21012.4632	77269.2012
78502.8129	19411.1730
47173.5373	50498.5998
96343.1244	97110.9973
78016.5594	59723.3689
4036.1153	65853.9474
28974.6378	44803.4394
34921.7744	39769.4353
8642.1745	63749.2283
55523.954	56271.4011
64320.3049	45881.8570
90977.9267	59958.9780
52428.888	60059.1322
73621.9023	27483.3142
43539.658	58935.3654
76809.8226	37420.7466
19090.3376	77769.3653
91153.4335	75828.7889
41124.8542	14070.6173
54748.5402	3009.9895
11597.2067	35317.3356
67372.1910	21472.5620
96123.2293	72059.2986
18674.1925	90688.3687
56067.3508	23900.6339
93172.8777	53395.1688
23025.8843	34670.1794
78836.7367	22173.7020
17734.6272	97043.6525
96331.6615	42068.1075
2213.1199	31148.8143
81895.791	39063.2570
915.6202	49991.8843
16936.8745	69453.2252
28288.7771	29527.2104
2231.660	92859.9451
220.8547	86810.3902
61711.6911	15774.5559
17528.7592	20786.6220
98278.1142	99706.2082
26551.726	48401.4277
98450.2371	11774.823
7065.7235	53925.9713
92532.8957	54199.5072
21147.4231	33756.2324
54262.844	63497.9411
13946.2072	80822.6541
34644.6734	57674.6731
32629.7411	93445.9162
38889.3083	7383.4890
47120.6570	74486.1343
79307.7882	67218.4490
23293.4259	64444.53
14328.7002	51552.5068
4361.2838	25802.2915
31841.1932	46489.9925
83706.1051	80555.491
62377.5259	28434.3952
6777.6759	14411.9201
7775.3448	55699.9524
39451.1963	4622.1700
66038.5546	41332.9846
20899.5119	32867.7463
57720.5485	16254.7299
46632.7837	37686.4781
30779.8246	45464.5397
18430.4990	97334.6283
25015.8768	32196.5826
29700.7951	75445.4593
47049.5918	86347.3190
15563.5045	12741.646
83691.2374	26915.1695
57009.105	78938.1887
64630.4162	5006.4563
99014.619	41545.4005
5201.9481	72272.2726
14079.1448	83768.8673
68064.6737	27633.2262
36235.4270	42436.4463
86353.1765	29192.991
32993.6443	27518.9909
80601.3565	23856.2528
57017.2632	12823.8098
64055.1328	58276.5455
46298.148	74100.7735
73269.2619	66624.9898
31574.2578	35972.5862
11061.6299	85054.9908
86586.1532	42534.8155
58827.1374	6629.2808
45285.9549	89999.739
55739.1398	64738.4444
33300.4395	77641.6275
38662.6080	46889.3744
79279.6767	94628.2685
34839.194	15398.7311
24903.2666	75928.9801
78025.9844	75135.2588
25174.5158	91036.5505
2873.4795	97779.3891
14101.4245	15387.7884
58419.3566	23349.1935
31235.1274	89468.5136
9408.4739	73044.8568
88063.5940	52732.5243
56897.7632	64423.567
13262.1623	30136.4265
91860.3567	93501.6111
14283.1127	58558.726
56715.8360	59954.2772
9662.3138	88862.5131
44044.8048	75284.4044
30321.7193	85706.6765
61713.1078	18933.1014
60601.3502	85695.3100
75865.2203	51824.2911
41396.8117	65928.7194
41252.7211	81807.3200
61431.2316	64545.910
24728.9829	45607.3749
90671.1582	93659.3303
64404.2283	95757.9301
52983.8374	1481.5037
48050.4062	16210.2750
66409.5873	80386.6016
62862.8831	26800.9600
97836.1306	66426.3500
88147.4595	9977.2880
61734.6530	79735.2281
78553.2785	32233.3714
83395.4975	47147.5125
62179.3227	31115.1512
85974.6851	99425.9487
54195.202	86595.8319
43051.9731	15784.8070
98401.7037	6781.6059
8430.8830	63470.127
36173.1039	88037.5414
87917.2020	64557.2756
91751.2349	67117.7820
27434.5401	15462.7541
39118.3833	4604.7958
54780.7008	98275.2477
92630.710	21811.9538
23000.4914	83896.9658
80468.8910	62619.1340
12282.6574	29575.1622
64842.3390	37433.3790
32362.9189	73174.2655
45229.5718	12255.7566
61373.7962	50034.2225
1088.8182	92631.4815
27749.4586	24675.9805
43419.7992	95690.2439
87271.4928	33723.6810
74149.3147	62702.8474
52993.843	43681.8976
5184.1049	28638.3847
58056.7360	7316.5712
37423.7433	73562.9969
62675.5165	9078.6021
63321.1939	67386.6644
69742.4996	73147.4119
33861.6074	61079.3339
25641.5095	93250.6520
93503.1354	23337.6595
94143.9608	37673.4572
54713.1154	7281.8883
90017.3727	37403.6781
20349.9632	27196.4972
41267.2007	54928.6378
52667.9860	36112.3152
26239.2459	29199.3922
21038.696	70138.9543
14279.436	92333.7763
49860.1791	56676.5669
64847.1414	32673.7113
45615.6732	56691.4223
89947.4755	54008.6891
49155.9864	58086.1251
31971.5851	35452.5850
80704.6410	18623.6230
94150.206	10090.4569
1998.560	16296.9727
68977.3577	10417.1503
92798.7243	91591.7789
3468.1437	81096.6040
53996.264	93349.7035
80977.2022	45910.2150
79669.2881	41731.8753
61526.1088	16889.3683
38906.3578	56604.5179
61525.4356	26571.6688
60162.6208	70184.3831
91537.3273	85854.2083
80399.1598	29458.628
24218.591	98515.9588
77875.7450	47908.6020
31520.2357	86823.4887
48470.2012	46895.8683
60439.5168	20504.3228
92257.9462	89755.1697
90782.8261	64885.9170
78124.8522	65774.1422
68981.4958	30320.700
93888.6861	49403.9863
88445.7077	14900.6786
79636.2734	54186.2231
98197.2638	12366.4148
65316.5032	333.9
69481.1438	30736.2921
45061.5422	5842.4886
94910.8421	97711.4794
36129.5728	98463.661
94109.6895	24181.1161
54459.5808	94494.4376
11351.6922	78436.3226
54287.4809	6347.1154
27792.7515	52921.7606
65807.3671	31902.7764
40161.6760	15389.789
93270.233	92961.7211
70869.6231	63910.9605
84123.2519	13785.4694
3870.6664	12892.318
71334.9442	15384.793
40091.1171	14775.774
43915.1465	32865.6201
96299.2482	63308.9848
48145.4902	50895.7204
9258.3401	42347.1736
11887.9551	6467.8952
13620.3892	21901.4200
63906.1986	50810.4381
8920.8121	92956.5082
32345.9139	42038.418
70198.654	63030.5855
12978.9133	86396.9385
44461.2974	98524.4860
29890.5919	15936.788
47407.681	9443.5792
15608.3871	41237.5723
47047.3893	4882.32
7067.8135	84026.298
33672.3783	2898.5482
98459.9241	24548.5021
22611.5521	59101.2427
80573.3351	75868.2414
32265.3423	5690.3735
95544.3814	99930.1273
24152.8035	77721.751
44369.3023	54848.1703
52597.4906	27096.3267
55272.1149	89517.9279
68198.9861	68831.9266
40146.5000	92451.8959
71942.1312	59426.6923
78235.2675	47467.3640
76946.6705	51648.6203
21169.8712	99802.1468
85245.1884	33162.763
7287.3283	31883.5767
58457.5234	17146.3588
84402.820	49572.7798
24541.6086	38293.5086
90213.151	17511.3211
90060.4017	74388.6225
76329.561	96340.1128
68818.9924	90757.7075
63378.1094	63369.5847
55617.3061	75912.9065
75989.6088	74034.1588
17415.1649	26017.6024
20656.4477	33546.2061
17572.2995	36027.2841
18224.2996	85827.4233
41983.4361	90477.6120
21238.1813	31267.7371
70568.6295	45948.8390
98745.3293	27522.100
58504.1912	93223.6737
15272.5608	19755.2387
87292.9636	76497.3072
37505.1125	60598.2505
38128.2949	99315.3682
71462.2070	58457.9611
14750.8118	36010.3607
52174.6467	78109.3908
67934.1006	61625.1259
77366.3010	22182.7699
59057.1690	70545.9375
53901.6708	50644.9636
25578.1767	77280.8927
44631.480	29007.355
40577.4816	57324.5339
82827.4470	79914.9155
83530.8298	36958.5976
24856.5038	93393.5672
15877.4422	51775.7951
78919.1697	67099.4530
41143.2252	31940.7555
96178.7325	11477.480
43432.4164	57741.6590
93436.1179	28781.2976
61729.7789	63461.9676
19398.680	20091.1242
56773.4376	93484.8782
31863.5470	40570.4566
73241.1422	9631.7931
81674.6680	84467.7381
33129.5864	39486.3009
82393.4746	19373.8658
88507.6161	5778.1246
80319.8017	37405.5428
92299.6079	63092.2995
213.7035	28062.30
6241.5016	83124.1971
92421.6265	88080.7634
75806.2913	3417.693
87009.3909	72868.4678
42991.2581	10362.5793
87642.5652	76782.8757
94951.1978	30873.3600
27803.5441	44906.5914
80890.2601	86761.5707
33709.3193	94988.1063
41613.583	58848.2351
54154.6790	5056.7996
60799.8699	9952.2100
78570.2461	99966.6328
71688.6371	60661.9989
74901.2520	68628.276
13350.5791	98236.7830
73144.4187	45811.8996
94982.1652	82290.3459
61255.4732	83688.2461
6464.3910	2262.1761
21818.2249	90034.7979
20478.620	77553.4326
7396.1942	1703.568
87667.6387	96578.8909
4020.3069	34429.5040
48714.2138	55032.8854
22646.5319	49888.1568
69836.3268	50183.1418
30933.5517	67181.4921
63279.3564	19325.5054
57788.1936	55509.2069
64141.1034	12000.4513
44967.494	70933.8193
97772.4284	38194.4958
15307.3630	25346.6823
19573.8233	17931.7670
35008.3463	13771.7810
80420.1615	40437.7298
11032.177	57817.6427
52612.9257	71821.4675
98024.7784	4871.7257
21371.9906	82557.9405
46126.2803	72363.984
42452.7593	7427.5685
16793.6346	88856.2273
58214.9249	4526.4870
51600.7655	14330.1271
45196.2358	812.5605
82972.7945	93405.4304
50093.3623	25759.5484
92419.4832	71508.9139
70775.835	59586.148
44611.7258	22359.1514
89834.3997	45792.8700
48719.8139	49995.7078
98624.4349	19330.2245
97314.1284	13216.6666
71089.5760	68108.3397
35656.9587	26301.1799
98001.6024	61479.396
7669.5122	19121.975
75252.5827	46081.730
7394.2400	33894.4184
23459.8533	80664.9121
38342.2761	58852.6990
62454.775	57593.2834
79450.7752	42850.1924
91146.6627	10188.4575
26616.2596	52159.3917
51746.6744	76008.988
8628.3186	7576.7652
65716.776	95559.1047
16317.5680	98708.3774
76401.4971	53903.6531
71242.2990	20975.7578
37978.9006	64362.2947
20851.7955	97368.1399
82787.2324	60432.9982
77186.9163	7637.4660
6809.9949	84718.812
76484.3116	30746.3024
66221.7451	13759.5880
80263.1929	59094.5854
39615.6015	72375.7382
47180.1402	24055.860
53936.1305	56987.6062
30427.9638	98500.7485
29547.5900	37249.6459
89809.1953	38759.8211
40794.6105	31125.2540
91487.3176	73114.1829
59866.6976	52995.8827
66438.5803	33696.3273
89523.7808	77192.6732
24805.7557	28578.1256
7546.7227	38656.3331
19523.9782	35069.8181
41626.9319	83569.309
49820.5623	38327.4882
9141.6237	77997.6751
47884.8750	14757.5229
28407.2822	37583.6831
59650.7469	7434.4836
59222.7805	97576.4334
20598.3064	46967.7446
39506.4306	35773.529
48584.2606	75122.9594
60346.9425	16799.4594
87227.2289	78682.7363
43167.8203	23370.6802
74409.4571	3254.5923
18431.9586	31333.3477
94246.1979	29794.9966
34716.1627	13064.8933
24807.4314	27626.5713
1755.942	90092.6622
92745.7911	89805.3487
31678.9545	80609.2557
91169.8934	86341.4614
81491.292	54493.7335
81611.3441	44768.5741
26675.8802	92480.6543
51226.2278	24617.7686
60076.5251	82938.4796
85917.9392	18724.7121
56464.8782	31591.8179
60667.4576	59445.9850
25930.155	93938.6358
56456.2307	24990.2490
80346.6735	87081.5578
39336.7295	37714.3254
89112.4299	97984.9184
78347.3824	52939.1577
16383.9336	9397.4114
41311.7188	25834.5655
38710.8362	46408.1926
86656.6081	91593.8977
72797.193	60112.6439
90161.4406	43788.4207
22804.6776	67048.6839
90252.705	43813.1151
64788.6508	4766.2227
48946.4191	3127.6658
88895.4546	99045.6342
36424.5185	80990.1501
32244.3330	57393.4313
66703.6670	56886.8186
42531.5434	3671.434
57173.1345	44348.4256
15827.7574	88767.9185
37839.1406	71807.1841
49497.4567	56685.7271
43203.6294	26229.8682
59975.7734	91672.7134
63411.5424	35392.1288
71394.6905	88237.896
23108.9098	75832.9221
32577.3090	34449.764
71878.4811	89996.4664
36329.944	14639.9490
7699.6446	79095.8969
43140.3203	69510.2399
97339.2211	14448.7565
89603.2479	51656.7062
84735.4241	16061.6038
3236.846	85113.3003
93381.6871	12038.4769
61284.6794	86748.3975
20963.7616	86287.755
95046.606	50822.1831
83124.6336	57385.4209
773.7108	30872.8304
40765.7311	10221.8531
32821.9989	27003.3614
3311.6061	65152.950
14617.8929	33194.1053
72348.6711	12565.665
89515.4539	74696.5502
29235.707	95784.2004
43227.411	12337.4089
38178.9968	22602.8242
29683.7344	61260.5885
22820.8069	27535.4741
96534.4821	82529.927
7741.3201	60845.3139
10548.1667	4659.8085
77069.7746	54045.3140
96027.4133	1922.7353
90212.3760	15343.1879
31395.968	11167.597
8154.6190	14882.7787
37852.5044	78075.4712
79931.2390	33168.1240
72489.9572	93807.714
60299.419	28651.8399
63951.3292	81591.9775
79419.3367	97310.9919
24451.7794	68468.4621
25659.6252	62318.2221
13637.4609	75353.8527
64674.1216	84968.7912
54982.4009	38845.7743
60727.7282	54996.2593
62899.7554	51731.4792
61829.2121	70021.6030
31772.2360	55875.3880
4459.1144	44419.5223
45863.6222	89698.9620
18861.1644	66689.5637
42153.2839	57117.7346
50439.2267	21199.8530
84382.821	39969.5113
36729.9264	34697.6195
84902.1335	36338.7910
4560.7234	20593.1188
82223.1726	85748.6740
47276.5062	6168.2835
65480.6897	24682.3193
70317.7892	31896.490
6423.8834	39936.453
32651.6032	53361.4102
58414.4386	68244.234
61732.5759	265.7114
82849.1619	84731.334
68318.850	25774.223
51343.7906	2637.9627
493.7653	72809.8244
17204.4849	68146.504
24779.5971	96430.9012
37155.7437	41001.4345
31257.1856	58149.1055
68846.1687	12129.3816
2743.7745	23242.2959
43900.3866	18573.7344
91882.2941	23212.1320
94223.1384	7360.9267
42747.989	48855.3905
74958.5747	81440.7916
8888.7285	45686.3378
42621.744	55846.2949
81173.6454	8564.9017
93023.987	95702.1145
42403.5977	82928.8935
68040.6393	38576.5590
67951.7791	72297.1018
89881.9174	8789.7584
62598.130	984.5315
40291.1815	89921.7613
60990.8926	34666.9871
16800.8350	87458.9078
46067.1669	43164.9427
27765.809	90381.1454
55124.2522	98776.2151
89614.2137	18578.9071
78327.3392	33570.9447
11167.2245	3950.2832
34532.7831	27395.4757
54569.1461	25498.7867
75075.333	18720.8385
27534.1092	62906.3560
8902.9466	97791.7092
51487.6001	7634.1382
68640.2066	22694.5140
51696.9482	57845.6614
54399.9921	57720.775
8060.4671	19958.5725
36707.7660	76685.9174
62052.295	10621.6304
75570.3826	79536.762
20044.6113	49584.9944
32314.1493	10972.5594
22041.8234	27104.5752
70964.5100	66788.9508
924.8394	39850.2321
17198.6852	90944.5667
13062.168	27295.7374
33856.3679	37332.5651
14941.5752	19547.2037
58095.6008	46517.8234
30141.5167	60906.1978
99789.6902	39529.6189
74327.3266	75479.3659
52421.9024	91175.2716
84963.5995	67881.552
52633.3580	98361.7847
91731.8271	44408.8505
90933.8715	75247.4008
48513.6482	62188.8056
72515.928	18116.9968
6903.3516	47250.78
17136.5727	50778.7111
1025.4951	66634.7782
59071.8703	34110.7324
41497.1972	36804.2295
33329.4907	40016.6412
68435.8619	60903.8660
34944.2064	24887.1260
61530.8510	62236.3088
4111.2939	13113.2833
30029.3906	59943.9511
99442.2794	35620.5720
40587.2843	2965.9646
83781.6746	21076.3751
64520.3940	48034.7115
66202.3248	22830.8932
8913.3088	91780.9193
69938.6286	85471.8172
80847.9292	19843.8260
32837.5387	32587.9397
53076.1364	10257.8034
78605.4559	91084.3760
10647.1500	99009.6882
50680.9648	68174.5353
54454.5284	63815.7713
58494.5960	42948.8481
93885.2704	52889.8610
27090.6135	88775.438
50299.6155	15863.6263
19525.4232	12732.1279
38556.8608	45008.1293
89497.5957	9813.1605
20866.3878	62273.5525
10633.6173	15940.2620
6096.7551	10638.9259
13265.4058	94195.2805
13379.4242	92506.4324
83348.2422	82098.2763
59100.7731	8695.3708
32323.6313	58756.9842
80580.5140	14218.8919
90421.6856	597.3049
12056.3295	26974.1555
96192.4350	74997.1830
53812.5756	43831.908
58801.6545	50454.3549
95542.3757	84347.4240
17503.3267	558.5579
6912.1496	70684.169
55778.5416	43333.9305
7884.5296	34581.1223
70881.9305	58888.7198
76116.2807	91182.961
51741.1059	17515.1637
12801.1108	67302.8915
75121.4273	62194.7588
63313.6082	8004.8079
35459.1169	93379.93
58731.368	15698.7334
33891.4543	34103.4858
46236.8109	12102.2694
18462.9230	6235.2701
30169.5772	38665.5402
18450.4851	24154.426
39023.4060	10330.8366
57746.8917	28741.7653
35727.2742	10931.1683
26986.9298	7378.6235
8832.8317	58023.7598
98590.5696	80501.1207
9302.8552	83713.3132
34616.2697	16663.154
38793.1739	3882.6911
83580.8471	57005.3157
31438.8297	98948.2667
73768.4775	35600.8436
39289.3076	87115.2935
1276.29	44057.917
14217.5821	96878.766
45361.798	64573.2033
28785.8729	63224.7620
94860.8895	36266.2129
72391.6199	84988.9179
98299.9279	20068.1464
84424.9247	92617.8443
26876.439	91008.151
70731.5573	8681.8415
41925.4297	1337.8107
46132.2079	95557.5305
33772.3510	4359.364
20954.817	49818.313
28539.5282	9124.389
61755.4807	26756.2451
36377.9700	25006.5703
6969.4617	83822.6719
75933.8458	34919.4230
19246.6668	63692.5139
14966.4794	93893.2289
85892.9188	29587.6858
54625.8468	3677.1423
53949.7348	2581.8966
50250.9668	40170.5323
93939.2781	73816.9141
54803.3249	84431.3328
55411.1145	98374.9800
43003.1982	8201.122
29832.7975	26762.4756
89784.9173	58646.8284
43531.1283	34133.3518
49538.45	40913.2720
54208.5741	24252.8245
81788.9789	2979.6881
59772.6238	10034.3047
44299.645	12278.599
57641.6531	8109.492
87143.1261	14032.6
48564.3089	81639.865
37391.7011	5197.1136
4636.718	16208.1699
19060.7253	92893.2068
93719.2714	99819.9433
93512.5811	99578.2161
31107.7620	9375.6266
42913.1336	89211.6437
85862.7694	36689.9552
88553.8527	57166.7939
21938.325	43755.8636
16611.2444	85420.4612
58398.5632	37209.1584
74777.5723	7536.3247
19817.4355	60581.5066
85964.2016	8818.6689
78227.1395	28914.760
19175.8866	132.8945
79776.3572	14379.8226
32375.4574	9150.6855
96354.6971	92249.4759
7136.8412	95438.5036
60583.1383	1321.993
57752.5433	51735.4850
45523.1206	50916.9702
77815.5207	97407.733
55200.3321	11435.9931
92715.4476	35707.49
99178.8496	19586.2026
93104.7985	50650.8434
34890.1556	64081.6188
49391.3746	14713.4509
32739.342	18208.7119
71002.2336	39177.1628
88294.7610	43533.8378
29939.9817	81212.6886
37615.5221	13874.5523
47190.6650	14048.9914
52223.4981	46537.1495
9264.1102	23575.6778
27447.1377	67782.9349
74058.1790	12705.5794
89617.6407	19159.4927
36796.3454	41949.2432
30507.4952	84875.1400
7202.406	72842.9893
61496.321	74518.3156
77482.734	4601.8653
90691.6189	91888.6156
93787.1499	7746.8251
81465.638	45760.8995
75470.7735	47140.4267
14410.9822	69301.4953
10667.5722	41495.4460
23832.5172	6793.4397
94784.9734	98281.8423
22913.5742	22823.6139
65375.5370	73614.7526
13566.7116	6988.3507
31298.3609	65638.946
72512.8592	81092.7724
54769.9367	55084.1084
57482.1362	22905.5298
38140.9816	19521.6227
72274.3235	50665.4322
54358.2039	25039.8586
10949.7549	40509.2567
29626.6221	70551.3116
92923.1236	35430.9760
16568.1280	4506.1189
34655.5574	49844.4955
81319.1304	9367.605
47463.2508	89000.5047
81301.751	18733.8607
98697.6017	77354.8823
95048.5822	73034.2429
6650.2935	52302.4655
36908.2487	27479.4029
4366.2052	6796.6216
41325.1930	93259.9540
22080.4064	16465.741
35817.9470	84021.6056
97799.6751	2916.1485
55030.9437	37566.4438
35538.8372	55432.2802
40492.4353	62844.9031
66992.3558	40988.4021
46579.2143	36162.9827
99734.4468	95354.8442
78463.276	70688.4126
73776.812	25342.8597
1007.6486	58008.4312
18506.1347	84839.7099
46170.2254	18028.1011
22908.2693	59944.1290
79259.4181	37937.995
90876.7757	28918.1825
14889.7940	94392.6564
85100.5360	31596.2009
7333.290	11964.6261
57330.8430	65709.2444
64444.6917	62424.427
27827.5359	54638.7101
64241.9558	38792.7791
28508.8091	73793.1410
65027.7541	38480.3645
68126.8120	55225.7033
74860.3736	88352.883
48597.2755	66114.6947
18051.6511	41585.7719
37794.8231	59689.1852
44236.4429	16637.6034
51902.7594	74027.3016
5633.5306	93351.7568
28713.4111	25428.919
84497.7400	524.7436
79873.7493	13582.1100
38791.7807	54185.2964
10111.3596	98006.1302
84821.9203	17044.102
99626.5493	11549.9831
92874.3498	2643.8194
53060.6118	93583.8246
29966.2696	995.6904
45735.6780	96932.7749
41876.9457	75233.2740
27047.9671	60381.3398
5154.3369	4437.1654
77026.6449	84805.9529
74721.144	63631.7038
39218.7897	57743.68
59948.8848	14027.1611
96429.7092	20616.6896
94372.1455	14072.3538
2599.8137	4538.369
10562.405	3065.9629
5243.8268	30837.4866
59573.859	15026.7597
41985.6733	55983.9955
9915.9108	80675.8345
23195.1017	50209.780
76264.9270	87061.1106
7941.8434	93689.3811
86956.64	37014.3439
10895.3888	10125.4494
14733.7829	47188.2045
58506.4072	109.9516
82674.3628	54582.5686
60021.2430	66831.3453
61787.5175	15603.666
1023.9713	33117.7935
45760.5036	94979.6998
34792.2754	59482.5138
2984.5751	78847.2215
82567.303	80233.7797
6077.173	82213.7803
78335.5079	3454.906
94283.3361	7116.5180
45458.6756	81433.8821
63502.9637	39112.5658
48164.2465	62616.7065
85153.8553	84298.5142
79394.512	92447.6001
1943.5410	99862.3604
4561.1648	23412.9169
61123.1888	76393.5698
20162.7747	19974.5589
4771.7547	74414.9006
46876.3563	35079.3021
94888.242	72109.6854
4685.7768	44015.3723
98105.8414	25871.2985
61613.504	18555.7180
96106.6417	88398.4254
31947.7	3944.7510
29364.3460	76219.4520
72764.9461	27213.3162
44665.3683	91471.8051
39525.894	74873.8654
23212.6109	110.3272
56930.3335	72944.6138
37199.373	70251.978
16176.1250	3853.9389
15064.4584	88684.2092
41093.7089	23798.9907
26857.8916	90134.2743
87669.5879	84487.6934
70358.3992	45086.4052
17728.351	8902.5774
4027.2495	84275.4838
8268.6302	64200.2858
22901.9862	24460.8560
