100
76756.6881	77640.6794
28396.3373	81879.8295
61786.5406	95648.9801
40644.118	49800.9229
15884.8614	5621.5502
38134.6	73187.6872
23814.9489	97875.7006
75403.6287	18622.6065
60546.4120	7098.3992
56602.1573	38859.172
29632.5025	61536.7863
98013.8216	95121.3124
73733.7082	79557.7664
28517.3169	35635.8420
59916.4109	45126.383
14257.7384	25926.6565
17978.6361	39072.5975
95732.7664	59411.9369
74417.4686	22130.1508
77471.8568	39433.6670
39838.9241	39538.2232
43522.3427	8246.4407
29665.2919	89375.3270
18841.265	12829.7099
93774.8847	81805.7948
50320.6977	49068.5407
21494.552	37023.8202
37151.124	97873.7780
68733.1448	84398.1628
17599.9624	6375.7554
15924.4402	23841.8311
84440.7399	44578.5474
49906.5432	79547.4193
71410.8998	69391.7822
98282.7742	44161.847
52494.7522	49498.9876
54008.3144	47743.3334
97446.3577	61366.6410
76100.7486	26502.7181
93060.3815	90861.8872
43344.1678	89656.7204
45974.151	19671.28
35137.9873	32918.1817
77405.8025	63029.1762
78232.3681	27180.6609
95114.9604	54143.648
59136.7460	23996.793
29934.3130	65.3146
45383.3609	39115.4635
6253.5571	16768.9194
28693.3903	2920.5342
57914.7369	67235.7885
30630.5484	57275.1118
41872.967	31697.5639
89526.3872	71056.3694
51247.3866	14757.2069
48748.2567	58358.5584
26978.6087	16000.2953
92204.442	41214.2283
27734.9856	20995.130
30918.9067	69841.8767
85257.1264	21852.255
9432.5357	36887.2760
56507.6298	14734.1668
72453.5144	78277.1242
23082.3808	76139.2551
75112.8285	71458.8554
94201.4037	30419.8321
21439.6126	33090.5120
66840.1838	77133.1385
31593.6908	53119.7245
98298.3696	2948.7131
49517.2691	84389.4788
73094.4055	29635.9346
96510.4894	79727.197
87616.7275	97901.7661
84253.3674	83545.7637
71209.3524	30090.2604
33120.42	47785.8179
68411.9182	94922.7684
4560.4174	92883.919
25518.2843	55368.8056
64518.8235	10310.2902
58932.4702	90929.2598
98977.7207	38069.2755
90868.3237	66328.2904
8786.8688	39851.4826
30691.5696	37160.4506
96944.3833	19511.8418
74765.1394	91284.9744
83734.4117	82400.1215
85865.8556	77960.7092
74956.974	88347.678
4338.3680	88775.2691
18412.1153	87992.5051
42100.1637	33638.3681
21719.8096	62109.3489
83454.259	85172.1375
91005.8358	6606.4313
93830.6958	43727.9059
