3000
4797.5674	71495.8204
85885.7787	78921.7653
88376.1934	3003.4612
63777.1309	1029.580
4449.7839	1714.5674
12936.6557	16497.4802
59108.5892	23442.8335
7952.8709	839.3238
99512.4753	27721.1638
65812.4194	80346.6797
81717.3235	37325.6294
42884.8947	30364.1415
78103.8740	12612.6591
40618.8096	78850.706
8976.5167	27756.2334
45181.6068	76602.543
7893.3372	17685.4325
72644.5024	5594.704
14530.509	84456.6734
718.7492	82146.771
29869.430	74091.9283
63830.5214	13591.7160
20915.6137	13636.5310
56758.3656	74820.8298
9070.9425	68386.2114
39467.334	64132.9975
70689.7353	83344.4725
47126.7382	48346.6726
136.3724	97885.1144
98030.4344	18891.1098
54092.1600	32861.6739
85907.5285	8627.3836
45264.4152	18465.268
34094.6418	4159.4487
61457.2132	84305.2417
47676.9831	77846.4131
70981.736	36759.2852
24117.850	52283.14
47102.1693	17517.5520
70285.6934	75241.3732
24768.2824	71967.7321
57118.9137	60497.7985
2881.3653	18415.8772
87145.6099	68366.4851
29018.357	38460.7337
92379.1469	71369.1008
19129.1252	96463.1073
86385.7723	99815.3883
2465.3517	4184.8553
44426.2306	67371.7025
3817.5437	78478.6480
37340.9603	9510.7275
37380.294	9489.7020
58031.8613	42378.2108
98961.5046	80664.1431
68101.2076	38332.9643
89792.52	90207.8697
66077.2522	56839.1833
99039.7351	77512.7589
85045.1194	2526.2217
39419.5424	24711.9488
77748.6182	23410.1226
35576.6135	37436.9052
74512.4891	49032.7900
52842.8002	12495.1368
96759.9141	4654.152
14894.5727	34435.2766
75515.7510	92026.1015
3443.3261	67592.3103
11537.5126	31541.5169
5632.4440	57765.599
97599.7379	34129.3433
86169.558	50791.1545
55746.2188	81427.9302
5864.5580	9162.4665
58541.3838	47794.1527
6459.585	52696.498
90274.1384	2346.6341
7773.1965	59756.3514
68904.2878	25373.625
77176.8591	78207.3980
41831.2031	33245.450
69355.1528	19471.5426
71581.640	39831.9354
1761.2473	5050.7708
91659.597	93181.3300
43029.5503	43274.37
55794.1132	76464.7698
47032.8688	44251.5328
62928.4213	87368.5300
66007.4571	45159.8848
23709.2236	45668.4658
20577.7008	93713.9836
18908.7371	32402.432
63399.6237	66280.8260
63675.1570	58390.7425
69527.4561	65228.7730
85003.8660	36615.7815
36349.7181	59033.1069
46063.3747	66954.8872
33449.2673	43204.4267
81813.8105	60472.892
33429.3258	70978.6958
49974.6376	56646.2196
32763.3388	91924.23
85491.2450	51853.9913
21982.4531	38562.2793
15015.9619	2115.6710
11398.1641	48460.4291
60393.5031	10985.7982
66465.3244	52125.5259
56055.9296	23704.1217
59655.98	65541.6793
81332.2343	8361.8231
15179.6625	74371.9984
68096.8235	31407.1777
57307.9859	78023.9449
60969.1092	46016.3508
60787.2990	88811.1117
78766.7105	24356.4936
45257.9047	32295.6250
4645.7999	294.343
18978.1926	19906.2087
21210.242	62004.6005
77265.7224	46735.6806
15561.5748	65452.2853
23558.920	91592.7488
40687.3819	66966.2786
2117.2167	48267.3580
51991.618	68310.9842
79229.154	23058.85
45888.4499	20165.83
18353.5413	41568.7331
81576.2995	4389.6997
30928.5993	78172.3678
70052.8097	23213.6392
89319.7339	86418.6064
70665.5421	77368.1850
95186.2796	42814.7557
16259.7446	46627.4627
9713.4591	20464.81
62967.9311	50396.8524
59746.7813	93251.2112
25737.8872	53688.6050
36314.603	32835.5850
15620.188	18778.8649
29635.2048	24325.6715
21612.7169	92140.6426
37143.4507	1680.7957
55022.5738	81600.9898
9478.7335	5108.4247
91960.5484	95204.1841
57979.9557	46933.2409
64905.17	62528.1633
65967.9914	54099.2654
27008.2918	75783.7449
63042.5327	64833.3515
23508.1078	119.8978
34975.4914	19442.8717
8563.295	82173.8514
6328.5365	13149.1981
16549.2770	98780.3771
4372.7298	76702.3741
61776.6526	41796.4071
5431.8318	21152.4223
73984.9873	41186.7097
67665.9140	30533.8019
40647.7347	95617.4103
98987.9269	90176.3426
88377.6922	26026.1780
41752.5925	24641.368
12037.9597	47128.1130
57780.9978	52112.9896
83584.8567	6824.235
89443.1234	59848.2168
68087.7832	67606.4018
7704.6839	72819.4318
76478.9605	54832.2716
86790.8172	64638.972
32648.4042	78158.8402
37899.9319	26662.9196
41566.5127	73033.9544
73507.4490	90988.7807
84942.758	40198.4302
37060.3454	16117.9552
90841.8477	34144.2960
29035.5597	40545.7302
80979.9441	62150.8510
52955.6715	38625.5534
99520.8271	98221.421
58902.8029	28004.7497
82207.9083	93741.996
23670.1821	76087.7251
9522.4900	7623.4886
24054.822	24106.2085
77001.6118	52180.3411
87322.3310	2948.1756
5643.9195	14583.2723
46445.1807	62369.1241
1535.6447	60002.6010
57045.2352	88400.7911
68496.4864	39611.4132
43067.1980	81261.4531
78556.9020	24378.6417
12422.9724	63831.841
56932.2669	32506.7752
49214.5311	27310.6434
63140.9162	90567.9660
9004.1306	39886.5836
99598.4373	94585.3905
91703.1776	34267.5414
7636.3305	72966.1879
48092.5701	31481.1358
76867.4850	58774.719
65262.3226	49743.348
58557.3896	26351.1282
68771.937	15312.4261
96308.5596	89173.7190
30736.473	65611.9313
13174.7896	74715.9951
75916.9223	90937.3065
44478.7365	60112.3848
27105.7738	34048.2189
2732.1711	32904.5785
89088.8572	60426.9912
59658.8875	2965.4489
64677.7763	99443.9859
78413.447	73490.3735
71990.6646	98918.129
12069.7586	20700.1939
81738.8206	57056.9867
6014.221	71672.4199
64343.5458	85946.3604
3397.1304	36439.2846
54290.4784	69285.4402
14760.8574	69346.3546
41042.6084	44518.8063
44925.9702	43294.5115
26365.994	5107.8325
73912.6242	34606.3034
5107.138	88390.1075
89670.3520	38146.785
46177.6841	16349.7081
56794.1121	5117.4852
84172.8273	58861.3536
39521.8957	35779.5182
66917.32	52294.5162
32450.8602	19473.5572
18485.436	18910.2159
83379.5856	40419.3712
13621.9676	87900.9241
98353.1116	590.2708
77315.9581	40254.6318
39365.5022	68667.327
22897.1964	50874.2135
53737.4097	56041.6059
12722.5467	57157.6665
1778.6260	50362.9112
99428.5828	46577.2331
44455.5159	3289.3459
30890.9101	44182.6511
86565.6838	69942.9110
9395.20	47936.1481
12565.5112	53414.7284
81572.6222	98720.5311
6589.1747	88373.7879
44806.2235	11642.2644
25468.5192	34201.3219
2751.4956	85950.3718
7338.5103	51417.5725
91315.3424	84490.6401
86263.5658	49008.3825
44045.5144	6349.2278
23072.247	43025.1745
34178.4215	39356.8172
93997.5774	96460.2884
458.1550	20046.8770
93439.6455	51422.262
8582.1061	6710.1947
51217.1827	19818.7307
75434.3177	49005.2595
47720.2340	47950.3815
1204.3113	82439.2124
35935.5765	22967.1352
97399.7062	99448.8794
86572.3323	17467.837
3164.6477	84757.4767
93015.4754	12681.78
26076.8986	93567.2022
65343.2010	10247.9476
9671.6847	89210.4081
56358.4657	39678.5493
29909.517	13437.9614
71583.1767	82823.4276
9918.2152	52323.8457
19001.4000	86724.5122
80815.3932	34429.7702
99711.1534	94174.448
59704.6968	30223.5923
50157.3220	20236.1333
72093.3015	2178.7336
54113.2202	90833.9189
28728.6722	81810.2243
59918.8113	81148.4871
53714.4664	5546.2351
4062.4840	3387.3339
7053.4649	95676.112
83794.4828	17890.9070
43824.4204	20920.2774
18918.5706	40378.8883
27497.9424	1909.5876
83822.3583	64145.783
78912.7025	45006.3609
19866.1596	27562.2228
11568.1948	23859.3250
28626.5383	62126.9284
8800.5780	26892.682
53054.9537	75031.7485
36382.8554	1732.7540
85854.7328	54634.5287
87615.469	4195.9849
11928.2860	51950.1802
85328.8953	13564.1890
48681.5915	79411.8869
73449.9648	96065.2717
5468.7730	32635.2715
30159.3320	46798.7197
65830.8491	7077.127
14323.577	39256.169
59290.2088	57452.3224
46472.4693	60413.9996
70278.6723	22445.9932
22948.3225	61793.7542
72960.5279	57882.1477
66820.5531	77604.9894
81766.1238	17158.6752
26239.3031	22468.4907
14997.3822	8785.6993
65244.8025	80218.2901
23767.5169	30236.5683
18288.3067	82612.1904
21911.2840	37558.1576
28426.1591	29680.3959
69782.5063	91015.2197
44005.3562	22872.2664
45930.4290	77043.1249
68463.7788	2317.6117
13261.5223	40626.1636
2102.8014	794.1566
16898.7052	8516.7015
13637.686	20689.4486
32371.1182	7087.5905
131.9451	4927.2634
36282.8117	14110.6611
63309.3740	13428.5324
27128.4436	3857.6531
91343.6604	49613.2974
54150.8555	21102.4484
92713.7906	89439.6910
8848.5190	20407.967
42509.2051	80237.6876
8783.2055	98229.1473
21044.3148	9842.5263
93192.8927	34800.709
43923.6271	78382.7156
65005.1053	55478.6115
33981.498	2362.1578
29314.1788	78146.6838
69294.4175	97985.9790
31322.8404	66002.5032
53852.9346	48181.6421
42823.2315	75316.1336
87426.341	7081.7873
66767.4434	65778.388
31461.3009	78506.527
15111.1721	33057.9673
40734.537	96122.9487
308.759	72525.9759
92354.202	65859.8573
37871.8075	55458.2895
33571.180	94703.8682
76544.1220	22250.7313
68691.4795	53770.7183
36611.5123	11838.643
58585.9576	62043.8622
37891.3144	85565.7581
16093.2040	33757.7711
25769.6259	40226.4472
80493.6993	72998.1513
53932.9786	25213.8131
87503.5760	93288.1935
95786.4603	58603.5764
96090.4284	96329.3762
77336.6690	56850.705
78803.1473	6440.403
20492.6676	38544.2198
64279.3179	66860.9924
60743.8269	93876.3122
16842.2668	39981.919
44648.4546	64211.753
44920.680	98613.9937
80948.8306	24070.6051
1819.4999	7117.1106
25027.2285	88426.5302
21423.8722	82059.9338
46024.1270	76170.7556
32319.1235	95503.5408
663.7304	80867.9554
62318.263	48206.7822
49810.6724	99553.8821
44030.4981	4398.7009
89566.4503	72870.5983
82883.1567	36448.7494
92922.1679	87261.2724
35952.8503	76339.7791
48205.7125	24564.1984
67596.2631	97589.7126
10981.5665	36723.3062
86633.3392	72232.4238
2498.8943	34477.2782
95744.5507	52748.2479
80084.2907	6106.7838
33274.1941	36334.9526
21152.5788	24375.679
86822.3012	47490.8100
37542.9811	96565.2146
42181.1184	20040.8830
94457.1724	10103.1094
37437.4523	68123.6026
94318.3577	10510.5227
89166.1604	11423.9914
53556.2660	61566.4092
90642.7889	76937.821
26164.7612	2726.7797
16954.6203	1675.5731
96993.6364	61157.627
39994.4393	82478.8314
11790.3425	70639.6432
98972.9483	40686.2791
52016.1990	14994.561
4876.9320	7386.2136
49088.1696	74123.1308
70198.1569	52327.886
12311.658	2145.6817
8864.1549	71946.6277
30264.7495	3274.2809
97178.5764	31891.1553
58918.9696	67799.1364
26034.6480	74568.3314
60012.3595	43630.3803
55590.7215	1932.7254
54500.2220	96562.7105
95804.1953	51247.371
1425.8327	34192.6183
59071.2107	21681.7199
47445.738	31326.7673
60192.7444	35780.3578
5934.1982	76983.770
89556.8798	15269.4960
88829.1482	22965.6113
53099.9444	44413.687
60143.5027	75489.5286
45942.9805	19533.767
59559.8890	26970.6749
93184.8950	5297.8587
17471.6484	61097.3742
97955.7607	55678.5728
8706.8995	7049.8357
28590.7137	34279.5768
47178.2540	61803.9802
98249.9120	62651.7709
23051.2322	99188.7435
48547.2597	64950.7913
91841.7525	72930.1304
12549.2141	51149.6175
5462.1858	24264.1674
74396.7217	88947.6916
29096.8150	77122.7848
93288.5115	25960.6841
86690.4197	25363.8484
20151.6463	29155.1751
3464.3455	9736.5128
84610.206	43627.4766
8907.799	79390.2322
96086.7372	30275.5381
42326.2580	95469.3558
30848.7402	86005.1400
2767.5842	50813.6538
84717.7597	35034.8623
71465.1366	65463.5666
57907.8021	82590.913
47555.8545	81309.4216
94014.5065	48489.1382
24175.5348	17603.216
90273.2363	6178.9316
80852.1958	20992.2519
89495.3987	26207.5214
89737.3802	11453.8658
55290.2851	90326.9123
61134.2821	44246.1552
36994.4468	32594.3539
3708.5469	64459.6576
75505.1002	79938.2081
54524.8129	32788.4385
86066.9864	72596.4778
8559.973	92956.2618
98669.3746	84590.2501
63160.9430	63367.2371
5215.9509	25848.7690
10687.3619	20504.649
4384.2390	2377.940
16636.2843	33748.6377
16236.5271	26818.5695
5245.2707	73742.1399
70274.6506	57439.1826
16042.2637	22395.4294
47275.2416	67909.6013
27147.489	72876.5301
13068.9156	65598.2885
12933.3585	59154.4108
51720.7159	1406.560
49033.8979	74164.963
8576.811	5312.5372
81018.7009	35244.6416
89208.3219	97288.5736
35090.7616	19783.4928
32014.9247	88878.9501
27875.2085	5362.7114
73499.6462	26963.2650
67432.4600	20670.5645
64161.4967	50996.6885
51231.1374	93623.1917
97430.8182	9550.9344
45041.1141	3142.3284
24343.5957	12493.868
69700.4277	33860.3991
70853.1225	68701.2324
79515.6122	43866.6107
33040.4017	33067.8957
72443.6445	88020.1946
19407.9677	30371.6304
14727.575	530.851
21536.9514	11628.6781
59660.7627	42032.546
12156.1003	84771.8075
65462.4533	20499.3667
44922.7785	71293.8602
5676.5277	74254.9017
16117.1694	61776.2203
57450.6551	83103.5142
58342.864	60707.1053
64894.7690	37085.6812
65681.7257	52333.251
8001.8017	92391.8578
56052.501	69779.8062
26846.6183	9000.7722
33867.6963	2767.5760
29078.3062	92708.5114
69813.1415	10580.3690
84392.1902	71.8093
6467.90	92886.5217
93999.342	45771.5473
77148.7988	30095.1330
56966.8566	31735.2028
11249.767	16412.6850
36860.646	97407.4157
42518.6198	51880.9094
74424.7705	87387.6814
42187.5821	63750.1055
79527.7704	7028.1943
10139.4051	66607.7946
55981.2672	98946.6788
63285.2106	89395.5326
61115.2646	58469.6482
3716.7075	25461.4218
14527.4095	404.2707
41276.3366	53682.7597
32724.231	4155.422
48691.4924	99006.4744
55756.4265	72053.959
99643.1344	80849.984
50429.1004	13755.9774
65752.4808	10790.4562
84056.7318	91248.9601
19790.2305	72138.830
97297.8302	59066.5593
84560.8181	94446.6381
12479.7527	98501.5206
68955.4356	93309.4603
77504.210	91795.4611
79078.7599	67427.308
953.9200	63805.5701
66988.5937	11479.5693
84285.2884	76938.2896
73620.8093	30532.9194
18407.1157	52730.4368
27161.1170	76796.4028
37618.3129	44122.8861
7742.2378	30085.8713
37051.1009	22329.6631
35979.7994	15983.7501
55684.1152	80923.3934
81485.8141	7976.3509
59404.6103	2989.1795
45000.7441	72965.9963
31516.4104	27354.9118
72812.825	63729.2818
97600.58	60909.5247
11920.6474	75799.799
19280.8734	40776.9784
43223.393	83077.7379
98329.626	15238.8469
20994.5448	47935.1766
46421.6931	18976.9455
23958.7121	89429.3749
13845.9445	51918.154
57556.7449	39779.1668
53294.9476	29300.5554
59828.492	52026.1203
55291.2930	72384.6704
59220.785	1980.6834
33943.955	5341.9568
18352.1815	47962.1886
3603.2346	55630.4981
205.4727	99139.5719
54943.6231	5482.8354
14526.7950	90770.413
18769.9393	12930.184
75565.7392	95750.3155
81922.6475	22673.7817
94072.7949	43088.5228
16631.9353	1630.4394
35330.5602	44559.3805
24775.8862	56497.5997
97839.3603	93905.5093
91951.5509	50889.7947
79531.361	29789.2665
10217.3436	73646.7047
42070.139	49425.6445
31094.5043	62254.8981
60312.7614	64238.7134
51526.5047	5913.3798
50615.182	9792.4449
88794.2060	4585.2033
79477.2364	74651.4966
89404.209	58378.8544
13575.8098	8377.6259
35141.8123	9702.5665
98382.9336	96583.2251
9080.4852	89462.4167
72463.1068	19147.1744
71126.56	46500.5046
77006.3291	81242.4618
56781.2452	20624.1194
91440.8844	23183.2639
76300.817	18873.1158
94250.3888	76286.6816
59872.6837	21452.9425
71555.732	52511.6371
43588.175	30656.9035
35960.3350	7631.2185
24848.9623	79937.8838
1578.1364	81988.3218
43740.7237	90026.3282
76641.3402	78479.4596
36326.9422	54009.1223
14287.3231	42885.0
1059.7830	8736.2038
67992.5626	49736.9139
27766.870	8852.7903
2187.5278	5136.2731
41091.3184	60524.8321
89644.7461	54758.878
60608.1047	28656.2444
91784.1532	80374.5884
7934.8139	89022.8864
79780.6448	25227.6234
51147.1850	62372.1108
95045.9731	76270.8395
29031.8249	87450.128
66447.4447	90960.7496
2370.4201	32270.6213
27481.4621	73751.2957
92908.9942	5192.6890
26688.7180	53117.2863
98496.6383	25610.7508
80439.8779	41033.8382
15669.1412	31898.9792
24375.5064	94170.9529
79750.3715	72984.6959
22364.8556	9066.6197
82233.1303	8110.1523
51825.1763	28161.4480
2177.9496	33218.657
82862.8380	59589.8102
6952.7174	13459.8207
40535.6958	17090.4272
79864.7021	87204.8320
46354.4432	10294.2280
3231.4460	43814.9055
92129.9268	36882.5020
76645.6035	32812.8916
40573.8431	43718.8907
92853.2742	86573.1439
61755.3336	22225.5980
79667.9850	29928.1338
59356.7487	87165.524
76248.9591	27886.6297
58757.798	79933.3251
88676.2256	3534.1754
83218.9379	10613.6156
40865.8650	75558.1103
24508.3460	67796.8048
13528.6684	11545.8072
3317.8115	528.3942
48348.1287	44590.4770
62975.9191	31776.7373
60880.1688	60566.5998
76165.228	78493.2668
63764.1163	33287.1406
41944.8737	253.24
28973.9104	26744.4479
10708.6408	82796.8472
36348.5026	7560.105
77106.8262	2861.6065
89136.2411	92695.1888
45684.9958	99763.2986
45196.748	33029.4022
34981.7109	6728.5337
66024.6100	9955.3169
59879.9468	15758.3141
1640.7979	54889.8050
41716.1817	8571.3933
34876.6365	25116.6918
47978.7675	87533.9169
4201.2190	30634.710
6885.3483	49816.2505
49397.2162	87208.3792
79465.9109	84123.8216
27221.5932	94506.358
77960.321	47646.2480
61392.4176	15302.7628
98380.481	88527.8640
96257.9908	44453.5075
93753.2534	58544.6386
37229.5576	6515.4192
67864.3432	42623.6763
74343.5871	61681.1502
45541.829	86080.2538
53923.3024	5150.4999
65068.3472	17320.6239
26256.5590	80241.6087
62125.958	74946.4528
39672.2739	36503.8851
79438.117	40389.2053
6807.2161	64044.8259
1193.7112	78815.2211
1444.8456	30840.4287
10074.86	70108.4801
92212.1803	11165.9746
19357.9068	72714.4691
80096.3997	9676.3551
84029.5645	58004.1732
55079.4021	85459.93
28869.143	61895.2568
35713.6512	52764.1731
37906.1684	43267.6877
91429.9894	61812.495
31291.9212	84477.9656
42454.9684	30778.6356
97443.125	83405.3131
56835.6564	22901.6578
59566.1144	33684.539
44506.5680	20642.6231
29203.2564	83666.5336
6543.9985	16179.2463
21757.1575	90695.9114
88588.8560	19966.3076
26391.9582	42115.7728
11762.5620	85186.7552
38423.1870	86207.3285
36826.8439	29498.5348
66536.2653	13357.1297
86065.9916	29409.2221
89092.642	97924.1848
27164.7245	39310.3649
42886.5875	47775.2062
34998.5191	84656.3822
28088.441	23965.4714
39407.2445	66169.5143
64529.7629	27845.9183
97544.5540	31013.3367
92032.313	71507.3253
6757.3338	86451.3074
42600.3416	23354.5664
71533.2601	78304.2946
99777.9165	74808.3894
82609.9194	5887.6235
81720.9285	36571.8738
3333.1699	37792.816
4618.6842	16207.2900
62626.711	56841.55
17307.1038	48463.7172
38773.8473	16878.2524
56912.6503	53618.2074
8268.8858	88500.8105
50481.1249	68442.7670
7024.6863	18261.9309
36763.9407	64481.5596
21889.6623	83758.1441
37837.4191	83898.4098
70060.4489	98036.9188
2700.5525	38848.1573
43392.8968	19609.6074
47425.5474	6575.4035
42111.9936	63655.2916
48404.9574	60092.5398
29324.5847	80899.134
69473.4976	60131.2898
72155.9007	43391.1730
79579.708	6215.7363
72579.5124	4179.7252
62759.8864	71412.3431
49842.9108	6268.5054
14394.6521	97645.5651
5840.4232	17590.4712
5965.6119	43486.3206
58293.6334	40385.5237
11556.3941	70937.6948
19352.599	97562.3937
62161.5599	54765.3919
345.7308	21475.5258
23079.9580	90213.6058
47675.2286	62607.4142
1321.5273	21207.5361
63117.8839	88339.9174
92729.6387	75747.1953
52389.5979	79507.8086
47644.1860	42558.8503
17368.5203	95235.258
41326.7342	70245.2223
72818.4553	62249.6089
20247.6888	34420.8175
4216.5878	994.1696
50359.9079	93350.8278
93224.4706	19400.9910
17122.2577	70498.1541
97916.6306	15042.9765
7674.1655	80341.7805
99622.5033	1209.9221
77949.5206	52670.6998
2910.6312	35407.376
28144.1798	27993.6410
2332.2562	59264.1830
31182.7543	93645.2321
40162.5864	89230.2446
46028.9776	94561.9053
36097.7261	65741.7297
26173.7672	88608.642
90016.1687	60841.6407
82457.981	87597.400
99865.796	69523.9502
86923.5905	12188.3351
8256.540	99412.5461
3148.8158	94259.2772
29034.1892	74920.3935
49323.4972	54686.4007
44303.2816	92156.1496
85296.4124	26360.8691
37470.6974	68839.8427
43739.7886	86333.8008
90474.4168	7108.27
85594.1601	29822.510
74857.8323	16189.1990
87870.9602	98173.8637
89760.1077	12443.3048
67479.2827	51323.7528
5023.7959	2483.3647
40000.4768	64702.6888
75705.4584	94517.2640
38596.4772	28570.9457
47245.5444	11302.170
19707.5606	45407.1174
19244.3271	28397.2481
82220.2723	71692.2
92836.9534	40500.5920
66058.6813	87774.9040
91202.5561	48654.2638
2021.9080	924.2520
32414.3038	74486.494
66277.3711	81654.1138
37912.2504	78017.3654
52168.1293	87630.131
86539.8030	22115.1283
87863.2831	76311.4779
11059.1019	30335.4866
80901.1370	68886.6338
56270.556	61338.3014
62791.4196	77275.6506
8324.1099	50215.7073
99940.4555	3746.480
18469.8316	83820.8535
22274.2753	53599.4566
85962.457	83000.6068
25502.3172	8991.48
8876.8563	71140.8291
82839.8594	46641.8333
19642.8214	65506.8927
28305.5080	94409.9200
61419.5077	84775.7145
9247.9999	2265.3533
4954.1264	70353.7468
96239.3858	20662.6122
41734.7366	35454.4812
83034.812	24290.4774
2720.5068	7363.226
74330.4249	3016.3442
17793.5522	88498.323
71051.4005	7816.7912
20293.1991	59913.8092
19859.9055	73994.5265
80190.2158	72441.545
33259.3055	67995.4684
1591.3892	86864.2582
36731.4422	19337.7241
2564.8128	38082.7324
7631.2139	99381.1605
29799.4260	26611.7509
5586.7865	85466.8908
40725.2883	70272.1120
37942.5184	46027.8283
16992.8499	78352.1204
78295.8964	95444.4844
82939.1266	4251.2271
11161.9963	19289.6219
63045.3626	92683.4102
19466.1787	94069.486
53198.8297	15984.1401
9663.5890	97803.2263
85174.7550	96020.2297
25757.8065	2136.1224
11510.3166	90355.611
62092.529	86879.1835
3541.9871	83540.7907
40680.4866	74275.8811
4714.8629	39670.6137
58597.4940	81931.4046
24445.9	13927.6091
78442.7179	65293.3703
48187.2446	29515.2408
60207.2957	33379.5671
47319.525	50356.9
59782.1949	65148.4969
70028.2434	45922.9228
66992.7777	23235.8290
8433.6081	34820.6698
98166.9846	41721.2079
3619.9039	79293.7194
91731.2160	27102.2561
90772.6372	86055.7308
58388.3253	59129.8088
77303.6778	20002.6955
73470.9481	99946.8195
90086.4862	74915.4849
12437.5117	72056.506
75223.5014	91862.2122
85587.8664	98132.6905
73828.5015	39560.4201
71823.159	50553.9379
73255.4145	34070.1210
90901.7240	14182.7198
59216.1622	43645.8336
22515.7885	29566.7024
89873.6779	13535.2283
1940.8240	35710.2504
5613.4915	72807.1082
66128.4295	88520.5435
76192.2203	59954.2299
53165.3367	70070.676
89534.5197	1222.8169
56670.3644	29959.927
5895.1772	58750.7720
36561.8226	83007.4881
25446.3153	94547.8450
29875.6875	31482.9025
43098.6709	31817.7396
84771.7640	51266.8107
1426.5249	61416.293
58182.7778	78289.1516
81130.7223	62884.4544
43389.6192	10916.2451
58272.4301	98207.7870
48239.6441	54722.3499
31369.258	49805.1457
97170.3365	64535.2138
54522.5724	95720.7077
7975.8742	5726.6575
63506.7360	78505.7002
18830.6070	22286.5991
75205.5104	36310.7939
76036.6788	53388.2060
34171.6615	97152.2440
47071.8841	94140.9615
37582.4726	39941.7910
22070.7187	33412.8844
705.9340	92798.3507
10540.6469	9094.6930
54000.8426	67708.6742
82919.7151	93310.4543
36572.4070	40569.419
17393.7576	29031.7917
25416.3152	14605.3386
76716.8418	80592.523
80475.8197	48692.159
3177.5394	2826.3780
62378.5390	49177.997
45077.4502	57497.5507
10791.9620	30738.6810
9134.168	78716.3553
71343.7671	57411.7891
67739.6171	9341.7175
70299.3960	31907.6230
89875.3661	93898.1845
12607.3540	75782.6550
42159.1794	34519.4231
31736.3141	76183.8974
96125.5906	80535.4343
84440.4357	80397.4594
70809.874	13182.9411
75253.9989	88885.7697
24961.9450	28720.9961
28022.8010	33739.2914
75235.3686	48154.854
72876.5809	26012.4687
6693.5113	92908.5124
61986.5818	36975.7705
56631.9246	96549.1571
41936.5729	35859.4156
18861.2507	3608.4900
22215.2313	22743.5013
52919.2514	96021.7107
40600.7548	2595.6360
62569.1736	33364.8921
70962.8308	67751.943
57963.7784	24452.8829
44888.4722	83109.8043
4355.7017	87775.2533
65766.2254	89683.9321
53535.5416	58226.1360
27867.3249	99259.3404
81736.6443	71592.7559
57313.7269	31647.5939
10597.2111	46011.7101
44327.7572	5989.3310
19750.931	34775.191
66534.3738	96637.1024
59393.8179	34370.2649
43876.198	86549.1261
42796.5633	64058.4694
49140.6631	74289.8226
74068.8522	81587.6022
29136.1640	72187.2859
23319.3667	41212.3421
70741.2268	457.2140
60589.9934	62750.6029
25609.3058	65234.9589
97036.7033	21489.5156
99083.2850	93538.1134
39673.9479	93870.7371
57514.1637	94433.4153
60895.8732	4322.1356
12324.7930	60277.5722
41258.7480	21138.5342
87041.522	47126.61
46423.6406	28754.67
97590.9819	36497.2837
8377.4135	73103.7754
38055.3768	29144.3638
87886.5318	13422.5514
55685.6946	43035.3607
23754.2559	50009.9848
89531.8447	5249.7646
93765.5238	14738.477
61954.162	46383.8626
3078.9775	45435.1161
89960.7789	88320.9516
42146.8408	76844.9128
56219.7165	51190.5646
77655.4420	23993.593
49171.5789	49492.3123
20655.5623	42942.3641
41970.3954	42708.620
74824.9674	63667.5249
91242.2509	5722.7763
47745.3327	58036.9592
4824.9515	56810.3037
1290.8195	70841.380
34326.5741	51748.4244
47694.4470	95721.4568
26614.3664	36908.1907
20144.5066	4634.8929
74452.8786	87539.1359
98518.4514	60957.2377
65598.2262	34141.2944
67962.3989	43293.9085
81200.3751	78391.8068
36992.1014	50422.6274
42021.9736	93099.2785
191.5306	72887.3605
25879.894	21393.7663
16955.8952	85495.9959
41214.1115	75476.780
67786.496	15032.764
60870.2424	78176.1063
13893.6284	16978.3814
6085.6530	41630.589
96989.7898	80421.3263
13409.5755	49128.8760
90500.7061	27776.8337
12608.1173	98452.9707
85209.7284	94833.9363
97058.8448	48521.1413
6022.8255	96804.4542
9263.3588	78226.8340
9524.2165	62190.7772
59069.7293	89304.5893
8529.6771	64057.9373
5310.9662	15653.7030
58888.2295	96925.4776
58529.2752	76467.6744
72341.654	62503.5995
10704.5573	1127.2994
59668.6755	74482.5705
31226.7707	77390.6181
59998.6476	88597.2450
87821.1677	30511.1812
91759.6906	8343.4699
18221.9335	66374.2365
45516.2151	76176.7642
83933.3844	30461.8889
95234.5816	39054.2213
30101.9166	6774.7925
31741.9767	679.7640
89802.3170	24686.9428
45552.8125	30877.395
63400.7077	19447.9437
90678.6576	34169.3101
92151.1593	6336.1433
4708.2327	67931.5073
97918.4080	39158.3644
51532.583	3644.263
27485.466	69470.7333
38752.4395	78277.8667
75927.437	29647.6601
26952.944	42259.518
10361.6324	57053.4695
32862.7452	74208.8940
39734.9520	75431.2713
90033.4035	20535.5319
56025.4498	21900.4918
43219.8891	30712.236
41364.1460	82984.9038
80336.1507	55193.8347
21773.5873	96541.2971
45331.8428	74847.5458
47003.6889	2992.2202
83675.8440	4621.4401
95030.8058	34314.86
75292.2118	99421.2150
56251.1652	28998.5462
91148.5733	91458.144
8880.2615	12842.9782
69094.2888	8883.5812
52146.2548	75582.8652
56163.3714	12078.2215
9021.1354	72767.7729
46436.5737	7737.7361
6040.9238	79388.7549
77637.802	15740.9280
24737.2616	82345.5987
99158.1269	28834.8690
58157.1290	14779.5667
45249.8403	15919.4661
36187.745	20260.3535
85914.8834	10262.3923
44388.5100	32814.5807
55316.3018	41198.2814
28406.8850	1498.994
57169.5883	59412.1964
70740.6277	33150.564
19692.7736	81945.938
33784.2570	18145.4273
76297.4744	35210.8464
26126.688	75772.6398
32308.8064	74406.6000
9221.3547	92921.528
15195.5154	57178.5428
13659.6136	42016.3523
98662.7624	67046.7233
8199.5648	34286.6408
95147.5662	71030.203
66224.5165	55260.9972
86993.6116	65016.1479
9755.8057	18584.2657
18268.3149	73302.4060
98171.7209	4462.2082
55318.7835	90660.7691
58901.5689	44805.8813
57383.9087	98253.7283
85999.1308	82417.7178
14173.105	48834.69
39539.5303	60542.8474
79751.7201	57917.8223
88047.8222	76177.2238
65019.6585	41127.2670
74590.4366	91276.7922
92719.1756	84595.651
62612.4678	57691.8365
24498.6559	37646.6035
87595.7826	69458.3633
40841.9722	87661.5112
85391.475	25076.8546
8939.6381	2828.6766
53988.1890	90049.8296
24404.2576	97783.1823
52796.2351	40065.3963
37475.1190	51910.6357
95543.5629	47040.7071
97702.8659	76705.7306
36703.7204	18547.225
17204.2602	24463.4729
33118.8187	51628.6554
83193.5792	46758.30
42465.5725	8060.6736
17339.4198	66654.8262
14546.3356	42072.4179
65794.8934	67738.7774
53038.8124	81365.6561
65457.6653	97750.5816
2864.2895	68267.3070
51090.7887	95154.1774
98963.4059	33197.179
9098.9305	28369.956
17256.2478	55515.538
65849.4032	34927.4275
7747.7990	9372.8302
57860.4951	26908.7090
69000.5472	81462.991
21528.5614	3822.6233
19390.5504	74369.4414
35602.7029	88958.6618
27617.8438	88080.6587
55182.7884	65753.335
8298.7818	92260.1232
26888.4757	99862.6149
12032.6177	42960.414
70178.514	16507.2021
58821.2834	87060.9107
464.1127	3453.667
60841.7797	57247.6515
68657.237	54563.1486
16230.8615	32281.1054
25427.3734	75231.2777
6038.4358	13163.4913
19953.6714	88208.3668
51843.6954	65774.9391
49784.1837	14021.6325
74318.9329	64097.3387
6875.908	77367.8338
84287.6502	31670.8824
98843.4538	8656.6280
41071.3533	92137.9519
82530.226	43128.3298
74387.3933	63772.1159
86389.1244	14255.7660
29115.1318	33631.7388
33502.2952	61117.446
97217.6916	68518.9652
82554.3643	49799.2397
50894.7203	37463.2851
60720.8826	93260.9682
29230.9043	63037.9202
97558.1710	26857.8946
94122.8619	59935.4040
26840.3250	89055.4728
27572.3958	52685.9006
21072.5616	97833.233
32307.3657	57102.8894
69523.3270	26522.2078
84770.9813	50976.6938
33193.3175	22438.1025
28801.5425	85031.8701
97898.8185	10760.8416
85067.2222	42846.272
88955.5300	24589.3443
44968.7786	37861.9093
35440.2219	16392.8328
54226.3229	31011.305
6148.6258	23422.3526
39406.4880	28723.4050
13820.3119	26618.8138
37900.3400	3020.9327
596.7073	72649.7069
48200.6435	56772.5497
41673.4707	79326.1419
38941.3683	4573.9398
39817.6305	22905.1870
12157.8151	36115.1006
48409.382	81037.6694
79309.4761	67307.322
97855.7557	45852.896
2997.8026	2036.3125
85591.5193	95427.8334
19948.7225	66941.6616
95076.3856	5751.7617
85774.4156	66713.3899
79039.8183	95735.3086
88268.2835	54606.2673
82243.3437	56757.4277
84706.4291	1058.8863
88585.1624	71265.3887
52884.1765	47507.6789
81194.1401	63152.4986
20175.9491	17624.1771
1689.2971	8012.9282
96387.2477	75218.8379
69823.6373	20377.1240
26681.8369	82535.2465
27119.4139	77744.2754
86615.1316	72893.4181
99801.2234	42010.3585
48963.6110	6024.9608
96060.855	9828.9390
52528.8268	86459.9020
56501.4957	19167.6573
19911.4453	81637.978
20026.4886	47439.6124
83395.5250	78919.2937
33120.9404	99013.5068
19064.1051	13153.9229
46567.9208	49041.1316
74023.5595	24885.4884
84504.2415	69398.7590
93258.8741	34288.5879
94978.4782	44833.5288
26913.9452	59732.2467
48669.9399	12271.1911
21402.6933	5928.6232
99936.4877	45844.9646
6632.7014	24203.6617
48987.1117	43982.5779
31394.710	43131.1702
55253.2121	59427.7651
91305.5786	6233.751
71416.3586	25573.5769
82401.4018	34319.7100
39519.9758	87631.8572
53371.8371	16177.8756
74495.2836	89638.34
45104.6635	5752.4811
28790.267	88374.8822
53312.97	64091.4068
20944.2846	71181.6
93542.9473	58205.3882
48927.4266	7013.5860
72337.8972	40482.1148
59066.9357	72494.722
6473.2814	82191.9626
25832.6912	94870.5285
41132.8160	29522.7260
11192.4003	63779.1819
77866.9583	16578.6973
32011.4767	88051.4450
27964.5228	27958.1905
7713.5569	41983.690
5216.6510	54306.7666
8277.4040	18731.3744
1240.6572	76604.4962
20045.8610	34752.8343
72731.3269	27894.2555
29347.2863	95923.9621
73372.8348	60574.1602
23544.9220	70004.7889
40217.8571	24791.4044
81173.7879	97508.4968
51706.8091	72009.4795
3228.7783	32785.3360
70642.8803	27628.9018
35536.8575	99825.6517
62585.5833	81581.8659
19217.4023	25431.8083
32191.9428	86916.8
683.4451	41668.3598
21289.6883	76295.4843
62416.9960	22551.7544
42737.3010	55329.7718
39398.4681	33876.6139
1414.3649	70258.6639
40978.4206	16580.3595
74205.5781	94268.5463
94539.637	6540.4241
93657.5536	72937.5281
84931.6879	82287.3381
36547.1826	63286.2312
48642.3848	67731.4912
12043.4819	83247.9992
20394.1349	63725.6306
58498.2802	87820.3957
16073.9236	77719.3877
25073.6822	15459.7767
49054.1446	58860.3782
14759.5903	5930.4641
53064.6333	92436.7165
43447.3898	53386.8641
64137.9100	63637.2054
44939.1098	81207.7094
26790.8698	58525.6411
23122.9460	30763.2669
71363.1155	6856.9772
31910.8922	55502.7574
24313.3894	35694.4104
53068.8859	55275.5392
11815.5537	11152.4739
93747.5412	18234.5706
95306.3032	63960.281
8240.8383	16342.5213
32572.6402	90281.8422
75299.2250	80670.5448
99247.897	15267.8728
21127.4644	77659.3886
36103.4389	28572.3981
26602.3991	92862.2353
84790.174	21008.8116
46533.2788	38324.7400
76983.4749	134.8249
21834.9670	26071.4730
14916.2657	8305.1788
36776.6811	1518.4537
48903.614	21498.9607
5165.7163	81906.7080
31330.1540	48037.832
23511.4712	30108.7054
94486.6721	60270.3869
74936.2098	58080.3454
48427.3280	87669.8250
54560.1064	21253.5791
52902.3124	52729.7849
9342.2627	75097.9861
88819.5297	71830.2546
39931.6729	35140.4052
68245.2251	24698.7619
78374.3645	80569.4668
5796.7401	7757.399
69765.4131	99823.15
55146.9630	65322.5254
7371.4813	56734.4977
86157.4475	15696.2249
91085.515	39547.926
58414.4106	48232.9921
97191.9280	18495.7833
29340.1319	35566.565
91017.6346	76081.6625
33697.6809	33600.29
19218.6172	94839.6953
45591.6808	69587.6598
94500.2690	67212.5042
71235.7977	47193.6200
30197.960	1479.549
73173.3457	85597.8037
59972.7939	40211.3861
49720.8085	32017.519
42834.6581	64081.9796
48063.1606	18301.8399
67264.5501	35697.4435
47873.349	50598.4604
8953.3041	68433.3333
4999.5659	64187.4252
15863.4847	42830.1727
52569.1084	66342.8842
88733.1128	22185.6956
1677.107	43936.7893
91393.3120	10197.9989
81831.3380	15787.5877
8552.1510	65489.3147
34562.3602	6411.5895
12378.3620	75083.2466
36691.9614	90259.465
78412.8223	63161.4365
65803.9153	73212.6720
39181.6554	98012.5878
76894.2114	54831.2531
56814.8329	43473.6142
78839.179	22113.9278
50309.8475	9851.201
32281.6862	82041.5422
3300.6358	744.914
4745.8346	95475.77
97612.2070	3244.6192
34297.8453	26669.7744
41120.8050	62021.7648
92590.2296	75784.6226
40869.8480	44807.1965
67275.844	90551.849
88747.6923	72875.6678
3271.8884	51764.905
25867.6268	43619.3012
96548.4138	38989.5050
88549.4599	72031.9619
37990.1875	50879.1654
53941.2525	97605.7058
17941.5422	56269.5751
51410.5517	28745.9091
75132.9847	4070.3063
98395.6562	2786.3503
49698.4697	79193.8361
34552.7571	4505.2339
31785.1704	68632.3844
95883.7097	20602.2682
354.4580	94553.7686
30480.617	45748.3910
56363.7148	52074.5800
36741.6464	89361.7007
8521.3464	87064.5909
58985.5282	66298.9715
81004.9052	78967.2621
73164.2942	84696.4188
33174.8322	69928.8679
5597.7670	29359.9962
72044.8526	47730.5804
58163.9637	61128.5537
33423.5801	6026.2981
54600.3632	77767.9915
10885.2656	64460.7604
42254.8663	41063.6978
351.6885	31144.717
94023.2447	33510.941
20613.1638	12993.8764
29377.8506	13009.9829
60299.2586	93647.7629
61394.4378	58666.3186
30412.5476	4388.3236
33625.1972	3299.1568
65685.3104	96915.2156
83172.2605	62327.4069
82816.6951	56127.6707
53854.9821	4649.2597
62337.5762	16327.2807
19125.2923	91656.4869
325.1095	32179.9948
15946.3652	64275.6315
70077.4491	81770.1480
10836.2455	49691.9694
9297.9983	17482.2030
94684.9843	51769.6768
72056.1027	23671.3337
22748.4481	89940.3572
17108.8169	62571.9830
55710.1742	31737.6228
73018.2468	63043.3494
13955.1217	48507.3949
41659.6250	16403.5199
7563.3046	84817.3838
72085.4184	88372.7288
54815.1135	89832.1703
26967.7378	76830.9407
54891.933	63692.619
75498.3503	47285.7810
25069.7673	86527.1067
35176.9358	78032.9870
35464.9457	52504.6981
38827.3268	15335.3446
7126.5679	76260.594
36049.245	34283.6260
43694.1943	87396.9551
78893.4034	97534.883
64463.4383	80596.1999
91611.5326	66047.6671
92461.1723	74261.8014
3340.7566	32326.9627
85372.4501	96464.508
65505.1962	54168.5631
21731.8587	12336.7623
34643.3438	28508.1220
43720.8086	49611.7102
66710.4322	2660.1590
57155.4174	61742.5113
70275.5499	42161.9702
11702.7118	96085.1238
42186.2463	58076.2043
48626.2663	24260.8137
19293.1377	56574.4380
84764.936	44720.9583
52266.2980	53644.6957
73911.2841	47065.4755
86933.5386	52293.917
71477.8217	33433.2229
12013.4688	81289.9045
51990.3281	36990.5395
58177.6600	25063.3802
62409.8909	16295.1852
79931.6321	76870.4883
86004.2790	72711.5234
98066.4640	32119.7375
50972.9112	93028.6813
41145.9579	96236.5899
16016.434	65647.866
43246.9604	94930.1683
24699.4033	10922.3191
508.5634	1912.7384
91693.8261	31640.8853
93659.4787	51475.3750
23190.3263	13906.2105
53687.2595	61634.5982
29309.5695	78425.2330
42959.6168	36038.4376
34958.4417	77861.4078
67621.108	98288.1278
3395.8146	89931.9377
88667.8768	55869.1801
32908.6155	64722.275
83345.5236	4439.8057
12456.8201	61794.4718
14847.4598	68901.4973
99790.9224	39476.9453
39216.7565	40666.721
28163.471	3827.4640
14765.445	25397.5502
4033.3909	45359.5040
2444.5328	41237.4127
95447.4302	68355.4707
68192.1133	55596.9305
17353.8238	18434.1598
91722.1142	29894.6823
92107.7657	6322.6032
55726.1437	49664.4548
97738.1315	66051.860
39108.4142	30382.9988
68665.6489	9206.933
70892.5838	53653.4756
43115.9705	14631.590
53705.3204	54035.6825
40077.4563	70159.9597
89782.9349	98764.5657
99253.7916	7806.5855
63838.8833	74092.7350
77728.5011	48968.4377
49824.4519	89181.153
40303.6331	20915.4927
84710.1649	94110.2961
33526.9970	6740.7735
3789.3728	48153.818
27671.6212	70527.8046
33905.541	60755.9472
93634.3027	75332.9349
97939.6236	12127.551
4049.902	63309.9215
73020.7937	26220.7282
89206.6695	36103.4315
30777.6342	38927.9489
86170.3647	4141.556
83082.4899	46653.2002
4630.9606	99938.9485
40713.1994	74637.2556
95615.8963	82106.7523
83684.1643	47912.2798
7115.1733	96924.7762
87362.9672	23048.853
40698.1052	18685.7672
42527.5293	31298.1324
58426.3340	69530.8726
91578.9044	91129.7395
27039.549	76508.80
82624.7246	48595.6762
77113.5340	39379.91
45101.2205	78501.3055
60732.8702	65919.4865
3992.5568	94197.2333
97326.8565	36750.6353
76307.1126	44129.8639
16317.6132	79436.3325
74658.720	95432.6844
48613.8598	6573.5363
53295.4910	31631.4100
39705.1286	80776.397
19454.9901	34245.1913
12121.2765	88446.8835
80782.2244	66134.6369
56263.7573	14316.3529
29081.1262	26040.7099
92566.5608	9387.7216
97675.2280	66241.4583
85224.8333	2146.7033
71079.9094	59856.5912
27177.2409	96394.1698
42236.2226	38487.1528
83468.3162	60776.6238
58542.164	38000.4332
38444.7914	29533.1651
29450.2283	26833.164
75463.1660	36202.7031
63604.8516	82831.6501
5172.8432	80494.3371
97840.1577	63527.3030
93928.8463	39523.2761
99937.9891	43343.1713
5539.6921	98688.3384
90634.2174	30230.8582
31089.5534	42377.3439
32630.7731	20981.6950
78509.7330	22877.1832
56937.8156	1214.5295
79891.5268	83279.8475
37239.9992	21987.1954
69260.7150	89487.3569
7127.3698	61299.7514
15321.4846	94221.5790
78840.7502	40229.7768
76608.4573	3078.213
86474.1840	86644.1310
92439.5061	74014.3713
63001.9178	22676.5386
88184.9121	8095.1762
86779.9823	7482.7835
77071.5450	37765.5299
29070.3957	96897.2606
63299.1305	1878.1460
48413.7130	52786.6099
83823.6759	96257.3719
84281.7283	41660.5940
55264.4901	33685.3693
88938.1031	36250.1475
23261.3984	19064.3570
79204.2555	58827.1711
77683.5939	20966.8884
66997.4193	53322.695
20870.3771	9572.9474
54331.2119	15988.9141
37251.1143	83668.8581
76328.8767	53403.1140
69225.956	66554.4349
66354.75	80752.5530
98279.4091	22362.5886
76312.2698	566.2284
86791.1503	52214.5041
13785.6273	41102.8492
22286.8889	44544.8386
35882.9095	45165.9355
34177.1799	38593.9149
71851.1329	97116.6465
37607.2200	33360.6216
21284.4643	76403.8607
58235.8406	90772.185
19121.8313	93124.5236
72747.1727	92276.928
12185.3456	31427.7277
23864.3198	88244.2825
68369.5038	10991.6514
65292.2375	31693.7984
51637.6555	42436.2620
54468.698	56131.5483
72743.8861	48513.7202
16601.1639	86703.2095
19666.6967	23750.9034
41653.6716	93495.4800
92681.6904	50932.2338
85612.1631	29727.7883
47324.7356	49982.3140
68365.6991	26907.2594
67319.9396	90214.5466
58149.91	51643.7743
54629.2476	27766.9054
2477.6887	17778.5239
23993.3521	26980.9238
48295.14	20802.2163
63890.503	78899.3689
48515.8784	4680.1617
14492.4363	81674.3008
97926.9837	83075.7153
15890.5529	56350.1621
9707.9155	98829.1178
12784.7167	34302.5830
21587.1355	55388.3148
24168.48	87344.8866
93694.3532	45840.9465
25289.9278	37622.6447
9133.3458	6351.140
14168.8211	16427.7166
13522.8467	67172.4002
41676.7106	25759.5927
47315.9709	83047.9475
18138.9861	6332.3907
80210.3945	40013.1435
91472.5090	88444.7937
35107.8622	40519.3309
44720.7646	10713.5955
14046.8586	85879.8525
44020.2239	42340.2342
58639.1177	16077.7429
67984.6189	7800.5582
4069.305	14554.8575
14898.4382	59742.1948
83464.1898	18654.8685
42106.3975	35081.9388
5266.4642	58250.9949
53224.3745	32304.7882
83260.9258	235.1556
82545.5942	36913.3194
34262.7176	61788.6461
2201.8478	57628.3679
5340.6496	63348.4952
83714.724	69239.3005
1542.266	94201.6252
96830.705	4774.7543
28130.8896	17920.4954
91794.2232	51485.8205
61106.4732	96172.2922
90123.4735	1667.2927
69210.9787	18679.3682
73908.969	220.6455
13176.362	98169.8481
64890.9391	77698.5581
30959.4327	56.3800
55543.6591	32158.2096
51903.4920	65270.3600
43351.7962	89728.9057
86547.3983	4315.7814
46701.7746	29181.8609
76341.3631	55069.357
10685.6513	29493.6759
29102.122	27859.2518
39602.1976	19466.6433
82497.565	85469.6467
10923.8647	95618.9286
52166.1615	32981.8002
90334.4041	85441.2734
73863.277	70129.7462
50854.7804	38602.8849
78072.8378	77663.2879
20668.606	90707.2530
49251.7493	97582.7209
78003.360	15970.5528
95295.1397	10101.2453
8081.3750	4003.8549
65608.5150	87996.4810
49464.3294	65467.6086
50405.3890	59810.4324
91471.8757	98317.8096
83080.2269	59805.622
91363.562	38650.239
74963.6784	86863.4500
62247.8231	93083.9654
93942.9913	28524.8082
88125.1548	97558.3626
4653.9691	36135.786
20354.7450	65442.3602
33264.1835	73240.7131
40406.9634	36526.6731
10149.3504	1756.4189
5901.8028	28112.9876
98839.7958	97946.4508
60814.2949	85255.9409
5016.5600	55042.2416
25460.3951	67666.624
7963.5163	2343.431
4559.5441	77976.7146
66999.4416	36958.585
47582.3499	84211.1986
44821.9089	21993.4747
22003.5514	74631.9890
30996.9213	19395.2301
49243.4998	5624.9404
28880.5813	95520.6686
76697.5409	80970.3799
90716.2311	33864.2873
87789.4925	15994.4405
54435.4263	79237.5147
10388.6537	14553.4997
16979.2978	39682.7152
89272.3823	71767.4396
94637.6529	35009.8284
8901.9354	10310.3256
93408.7535	37271.7461
82115.4308	48060.6049
7726.1496	63979.5430
64160.1148	32216.4555
81026.4619	92274.5925
72461.6643	27942.2335
63157.6786	20160.378
7632.322	29049.4016
66392.1392	28862.9850
26607.9599	25294.5185
62628.9683	62333.1548
30930.2448	31459.3171
52576.3512	85730.9661
46012.8352	46999.3106
39267.600	43988.9555
85431.7405	76529.4471
63396.364	56504.4348
59749.9364	7104.2806
34986.5584	93541.798
40937.8628	58642.9871
69462.5376	75854.6289
90743.6976	91416.8744
61516.7683	49075.7526
87131.5794	14211.2915
10718.7421	72178.3115
92311.4258	76689.6496
38902.7509	73274.6358
79877.6278	95420.340
43946.2659	58602.8934
38612.9271	13014.5618
47536.3066	86556.4466
90087.8651	40212.7445
63092.4043	61503.285
18184.5181	13355.1658
32545.7903	12637.9440
72881.3538	9002.17
88706.2469	10572.8476
18348.4360	44967.5956
64577.5690	9697.7863
71018.3505	31322.2173
64847.9031	60491.3880
43520.9288	50131.8888
53188.7467	82368.5780
68548.1183	14885.6440
15180.9125	64630.6453
70887.7398	65212.618
522.2842	58208.2104
84783.7425	43802.9576
91344.6826	62463.8552
48029.8846	62015.6984
38629.1914	42739.9028
86466.3792	70092.7732
36116.5982	34714.4120
41162.1992	62838.6711
76919.5313	25195.7507
23474.957	29098.8178
55868.4245	32465.6127
32820.8791	30875.1188
11525.9921	89899.9099
53244.1018	64133.1656
7780.4711	86218.7383
32594.5415	66896.6104
97397.9154	51578.7546
49376.7288	19103.9623
83155.6221	99891.8359
72896.1924	18861.4532
77614.6046	1638.6441
53539.9482	10551.9717
72799.2422	89329.8590
78238.5834	83045.241
60379.7024	23751.7837
35800.3237	99452.1343
96093.3950	37109.6095
85244.3363	55358.234
86631.4405	20063.4176
85527.7303	15333.5071
39663.1130	78930.4278
58896.4534	66308.4130
48654.5418	46708.4170
43277.9607	22222.242
20770.6670	47046.4895
77612.744	86133.9441
33126.6498	42250.9172
95778.2247	76238.6782
2450.7656	75745.3534
37840.219	20367.5516
60093.9887	40192.5506
92420.8765	15612.7966
4650.7023	34514.1335
87692.553	6997.9314
21490.3403	35496.4769
78675.2480	92820.9400
99186.6051	75363.6651
6043.22	43021.596
60579.4002	48831.9431
45779.2290	13596.4461
94037.7263	75780.3438
13775.6949	31736.9209
49461.3190	21972.4309
73141.2795	96751.1798
95300.7974	33445.8941
36071.6533	18137.2935
13126.8024	65516.3723
35058.6362	65645.4390
39196.8132	6142.7548
94892.5438	87117.2547
6257.6783	93605.6620
98856.5019	69658.7756
19101.1913	68177.6385
60552.2104	26729.4224
70019.8398	74491.4738
86514.6497	29838.5636
31541.1032	77640.8351
6210.6509	691.3584
97432.4412	18749.8931
46088.9205	32300.8635
87895.4180	21373.7119
38577.1001	27276.4754
53484.7274	25889.466
81920.1701	35207.8674
77547.2032	69433.117
4100.7189	71435.1317
64207.1573	96002.971
98529.3911	38700.7707
7761.8632	23800.4233
54530.9981	56142.9904
25326.9254	17701.5441
67030.2372	35800.2031
33009.948	39338.865
53609.7754	36315.698
31614.3351	78603.1451
70585.7084	7634.8067
90112.526	20148.5289
1210.8191	79501.7794
67832.3127	78272.8390
11723.4699	7178.985
21836.2839	14257.8415
68251.3924	90928.6835
99413.5005	65578.4372
7699.7678	1073.6321
25072.6457	63406.7500
75652.409	15690.6034
4331.4974	27876.6522
57801.4177	11962.1491
23411.1690	1998.40
68852.2855	31987.6626
26403.884	74330.8010
47410.6688	48866.2226
95174.995	82769.3845
9418.2028	57649.5196
44496.9642	73611.2635
52578.129	84322.6775
91628.2730	76282.6961
67007.1229	18909.9096
4548.3556	47471.9761
52560.4074	49132.7338
96167.1808	22393.2059
87009.7196	5380.7781
51412.2058	51980.8148
30857.9857	89377.314
39779.4997	67511.1925
63678.2875	36251.2652
91571.620	22072.3818
76706.3912	18611.5887
59468.6450	67397.4286
60561.7920	69192.7423
50861.2604	34708.9192
73049.7637	7610.6224
213.2180	52166.1789
44789.5288	47185.6996
45373.1717	97154.5427
59264.4464	39113.5885
61171.6816	99765.9735
48071.6505	86562.9263
37696.2001	35061.5456
82122.2029	86003.244
5783.1193	55171.483
20489.7491	15610.2601
74272.9912	89520.6596
2191.7059	40792.3643
31608.7281	32905.4162
96172.5528	96944.2420
9620.3355	13253.9561
67113.8618	35776.8023
17268.5081	56556.5416
16840.4306	34667.8001
30095.3287	76399.7668
96162.879	53846.3906
2948.8921	62738.3287
50737.5344	52422.6375
98236.9116	66556.1678
12634.7891	57406.2063
12119.8939	25803.35
21919.6944	35706.8371
80639.2018	68138.5867
98906.8496	94713.2468
25631.5497	21744.2726
37654.2572	76700.254
82308.2045	26268.1396
77268.6543	91724.402
69937.4163	21536.6860
32364.2970	2933.900
65711.5274	75335.8808
58885.1280	80051.7091
53930.4641	30499.1229
73430.1849	82662.5405
73673.6756	78038.9131
20876.859	531.5380
93331.2215	14285.6584
91866.303	82637.2826
95282.2530	51810.5854
14799.7695	77850.1461
4766.2956	41800.1384
97540.6720	84053.5846
15062.5516	11452.9153
3087.591	98554.2345
94425.2526	11334.5720
59137.259	66581.1665
33463.8286	41965.6659
85465.4300	21590.7613
27636.4332	95064.9264
50514.1100	10848.7758
93795.4873	59734.8608
36153.1498	1143.7887
59969.8991	12293.9993
11536.3481	34845.7777
97082.717	2213.2241
53812.1855	31784.2539
41219.8071	61935.3665
12923.3357	6456.7082
88801.28	31090.1709
78119.3611	26080.5242
77437.233	29578.7087
84266.3497	74845.9403
94912.3967	14024.9471
82458.5527	46706.9150
23159.2746	88381.4454
75444.110	30029.8436
48853.8744	66398.9393
3147.2794	76258.8777
79922.2894	51607.881
42076.8800	73540.6273
2686.7696	677.8734
68606.3196	4317.6037
33503.4527	80170.4483
19998.376	46531.1596
41947.1602	13815.6827
58995.3034	93386.1992
68562.8494	66312.5704
12803.6107	68304.3768
91423.803	31104.6268
2863.3407	27746.269
72051.3115	83780.3001
64954.9733	90149.4297
74182.8472	15846.443
68119.2124	93248.6185
7091.2630	51092.423
38952.5715	67876.1190
37924.3209	7660.1791
42091.9828	61936.4173
80778.8690	30418.5431
16483.4671	27848.4440
49042.7317	34299.5541
28909.1650	73070.5455
18536.4878	47197.4362
7341.3706	76213.4419
53811.8910	34233.6328
87325.6856	48273.3301
10246.4272	29943.3754
18666.6412	16850.3728
16226.2744	35874.9026
71095.8108	38477.3720
47187.6219	42289.6771
37284.3428	19759.5100
21431.9342	58468.9543
45341.1999	13632.707
18781.5341	57785.1558
37597.5619	34762.888
95925.4409	58408.8455
83586.5138	3084.6610
85037.3761	31304.8419
69160.987	68822.7658
84099.5241	26468.7775
34647.7440	57379.4184
83101.442	75716.2871
15247.2137	90042.6431
86597.6134	57198.7352
15914.7978	23536.718
51390.6367	12211.2092
31851.8535	28890.58
51159.7700	33779.2978
28944.485	22197.6237
49814.8532	44956.46
26362.3804	87062.1102
38207.2994	70828.911
76508.2516	26894.294
48598.4746	54436.2596
50312.5004	99063.1186
21734.8290	19919.835
17595.7846	95109.6120
53436.8527	45169.5163
1011.9743	81934.7072
28505.7227	49405.6249
73564.1178	86124.1619
4362.6656	92936.9042
1079.3051	16771.1162
24222.4789	94065.3376
37480.4424	38135.8041
64723.3109	66457.4190
60149.5912	51055.5070
47421.2033	88952.6994
74761.5763	61632.6102
15181.8731	20259.5685
99239.4315	42571.1575
45081.5572	91450.5681
66032.8227	10828.4357
79665.8088	64267.2029
50857.6565	37023.7610
20467.5819	89079.5467
37731.4506	53002.6495
60395.8807	94180.6951
36604.5547	36171.1447
87240.3791	85119.2303
22386.2644	62499.3011
65893.4234	19494.5896
82951.6398	46852.4533
96433.9979	39785.7605
94622.435	87657.2588
31962.6710	66123.8947
84095.3218	95144.8720
78044.1164	60751.166
98464.4921	45124.7356
132.3719	4290.621
20852.4183	88974.505
35908.9749	34904.3989
55963.4354	74145.9535
48911.7429	68953.87
12768.216	78519.5149
43907.5867	94699.3120
12204.653	34689.5189
15069.7808	70823.7719
52438.338	49645.4137
68246.5617	30075.5911
71791.3988	49347.2784
46508.1563	18147.9115
38918.1079	27656.7675
64145.713	49674.4995
85359.8120	34876.7779
39361.2221	34717.2231
68318.7694	99498.1017
43189.3812	16219.1465
26868.4038	8621.3235
85979.7427	60854.5883
66911.2224	67852.8437
61314.8821	58213.1265
70169.5146	50265.974
91634.7554	75016.3307
13391.4280	40142.1799
55960.9183	15622.5762
30912.4842	90062.1686
30353.8838	50054.6094
89389.1977	70792.176
84155.2544	26366.3791
76736.9952	17036.5109
44419.2920	74594.1110
17051.8726	89608.8073
41881.289	79285.6047
36929.3721	71372.4614
80332.1317	75375.3201
5085.8251	30328.5366
26933.3755	7789.6171
91894.4587	76241.5318
84749.2426	32464.2875
36666.7855	93766.2926
31033.8987	83005.1792
56125.4047	65825.4525
87664.2848	72469.9536
46433.9198	35315.2052
67324.9700	22614.3737
58192.4323	41119.5730
5953.6726	90507.9934
93880.3349	68776.805
7615.5025	37033.894
14593.9663	40209.614
36753.7305	52152.4464
34822.1389	91385.5368
41868.697	15176.2448
68121.9058	46128.316
83369.2904	68716.617
53724.5053	83087.9167
48193.8776	40678.7734
32687.7205	54659.3331
51547.6679	13651.7237
88123.4287	23317.2949
31016.6544	35448.3931
53247.7734	86639.3311
27090.2128	37259.2744
35731.7297	57008.6169
83330.7192	27164.1272
81884.4859	50399.7920
83003.2084	99813.7173
2161.3158	32977.1391
27385.2489	73352.9617
52924.8558	62060.6159
86464.4548	51965.6203
24677.5020	64062.3564
55818.7404	86723.4517
42473.6156	99932.8117
22248.3564	43827.3576
2993.2066	80571.5358
89973.6620	25359.8502
1422.462	20654.2910
46530.9082	39635.7240
66404.1403	15457.9736
71348.2115	89704.5053
77662.1922	73038.7074
25731.8309	10640.5752
49361.5255	94441.2285
7744.891	93293.732
4283.9090	76184.4647
1258.6943	41573.1273
82438.3167	93809.1199
66197.7564	73163.9866
75426.4797	11071.4826
15136.8639	98273.1421
40187.2004	96074.6258
5982.9703	48038.4336
78653.5640	65256.1315
3484.3391	40496.3829
68017.8775	10614.5378
2054.3712	18155.7598
4506.1075	1263.3083
97264.1744	15262.1028
51288.869	93696.1171
81265.8719	66176.9983
51742.2419	97719.8101
67035.965	1488.9706
61793.4209	55305.7988
3306.7709	79269.6690
9454.8978	25576.3380
14705.4895	22028.4232
37230.6890	81740.9935
84532.5519	26222.4994
2674.8349	61232.9647
53756.298	11850.5965
71096.6060	47291.5345
10654.4658	82214.435
83559.6453	73454.221
88894.3701	99269.497
52049.1560	29677.9737
78976.8483	46049.379
34533.5120	40969.2751
62065.1654	87511.7262
54003.849	83359.954
46552.4199	94429.2272
36889.882	8058.4897
17854.8143	10477.864
89226.9327	35850.2141
15315.5849	28422.3951
7424.8877	16153.2325
25477.5852	50804.3947
7160.1755	62389.8589
60588.6429	59159.8559
17913.1558	68842.2386
88305.8562	72439.5178
77722.7479	55198.9078
56761.5877	88000.5929
83634.4950	12013.3260
21658.2362	73420.2802
72215.2266	95014.3759
41260.3413	80128.1214
42348.6706	18954.3270
80692.8680	75423.1166
55102.2044	87936.6605
9058.2057	49822.8990
6686.5919	82902.1504
17004.579	77672.8244
13541.1008	19011.9445
35478.5859	28995.8020
3746.4617	46232.3242
34456.8865	39509.1289
54066.2797	94791.7655
23628.9151	58976.5551
53980.1726	56755.3888
37301.6708	76284.8271
42425.3935	75426.2256
40067.3943	79795.1831
37601.7315	59513.7888
10612.929	64126.1536
81281.9804	98427.6014
22052.9304	3780.7806
15908.8027	56819.6044
77666.2356	47641.4746
91919.6371	92315.7263
97484.6023	86235.9117
902.1214	14709.2192
94553.3582	24262.26
50732.3769	1654.5117
31650.4441	85183.238
82419.3578	16085.4607
65508.1464	16830.9729
69415.9852	52560.3527
720.615	58509.6329
25647.6900	49221.3608
14240.795	31000.5522
1117.2581	71555.200
81533.5556	77413.6786
57906.4	74704.3592
42970.1824	84556.8149
99323.2506	76290.7825
53671.4947	21504.7305
32269.9651	40602.5021
47548.6460	5304.6153
41250.204	63845.7657
39806.4510	38803.4702
40053.4733	4677.531
60269.8205	52472.8928
96374.3689	38257.8901
13049.4399	40906.7013
17927.4806	74477.1825
80431.8409	92107.1584
33813.4556	99970.5251
72867.3277	95260.2361
99303.5960	23473.6206
35093.3845	47427.3973
87124.1771	10888.4285
95371.7040	94543.6991
96697.3487	71772.6335
66934.6078	97520.8789
27368.8962	66835.2599
53347.8684	16577.1129
8583.2607	22052.3852
28170.2173	32513.6218
90327.4408	86347.6131
75078.8849	90157.6566
34315.6547	87830.64
72356.7769	77447.5314
33978.854	55484.178
20762.8233	97438.1163
57366.8063	22451.1682
76695.7122	73582.5527
33604.1657	57296.3168
82263.4601	10151.3181
70591.943	42068.1248
97517.4736	55327.398
88560.7771	53366.2923
17697.8138	58384.5223
17624.1761	48457.6428
45687.7766	60152.5739
23766.3393	92682.803
99055.1512	21147.2009
17534.8585	89733.7285
99700.821	60488.3918
87698.5354	23260.7963
76959.5779	31085.9857
65336.8044	8269.3146
87991.7276	58730.844
19042.6616	79484.7591
7272.8880	46408.3588
59596.8523	76024.6352
15801.1867	45626.4650
94592.3468	42496.5446
22596.1442	12555.736
24970.8136	82781.209
60769.3257	55470.5083
54114.3537	85637.5411
40705.6021	88938.7200
44176.2853	89942.1854
90512.6682	74445.4393
13190.687	38494.6798
37999.2582	67456.5861
86021.1889	17769.3834
12710.2420	22011.367
70707.3864	37140.1450
36005.5544	26031.8460
55631.6005	67969.6577
7598.3627	43888.6343
44797.9773	68594.8219
59545.4883	40831.5018
21625.846	41379.8971
84696.7651	5817.6043
86896.2697	83367.9825
25337.8825	9410.491
39287.7641	41447.2876
13044.1211	78392.4902
89863.7386	74727.6944
29513.5251	41990.4082
90347.365	80469.9448
90293.3783	48749.4239
95510.5997	18952.4268
56466.9446	16003.3897
69002.2023	13315.3893
63703.4046	91788.1005
53180.5607	46271.5305
11338.858	36196.5613
78628.319	65119.2011
60842.5239	49379.3898
31647.8053	27863.9869
84418.6303	10074.2746
23738.8976	70810.4602
65420.545	73278.9291
68451.3695	77928.4704
17912.1715	5565.1208
39332.6158	73721.7780
49910.8293	71425.2694
79559.9207	88045.9976
39605.7951	48434.4117
78490.50	27003.6968
70251.668	99203.2348
84515.2527	22449.2689
98649.6850	89279.1623
49912.5445	43952.1184
68330.1207	43685.4048
74950.3348	60864.4864
10724.1468	89962.1377
11163.9967	7552.2534
9269.6500	88577.1729
23452.3321	52868.2928
49713.4596	67988.4254
97934.9054	97698.6746
11068.7741	46679.1482
79312.1526	75222.8181
26177.1785	51232.965
25099.7604	68466.1389
34001.4186	46043.9427
1033.3491	83091.193
44551.6541	70323.6285
69695.805	42576.5090
30984.3606	72328.5639
84971.215	3958.2812
77280.4841	74788.8252
80416.2472	51401.5661
82945.8152	74871.7517
37936.5824	819.2558
63276.3926	56844.189
36446.3881	82501.411
71299.6452	12743.4139
5974.1565	50491.831
63073.4259	90183.1560
32729.3101	70370.520
24655.9552	517.2039
39466.158	15531.7437
58879.584	36692.7539
211.3222	61750.8757
52141.5994	23281.7727
29972.1420	31214.151
56265.9066	19933.4705
56015.8763	32623.6712
38377.2936	92705.5700
57063.9211	43117.1279
22317.4458	39254.5590
87151.4483	51113.3166
88146.59	15940.1547
38879.6917	17714.1693
96729.5515	21337.8029
64233.239	59466.9734
29185.1160	23388.3017
23860.1859	27456.1958
2485.6329	30853.648
6553.9856	78043.1351
83707.814	59704.4295
26475.454	89900.9624
9516.9001	46285.1794
49041.4325	60353.2965
87606.9790	15700.4087
41834.5683	34792.9574
51755.9510	27978.4138
97884.6515	72532.9704
23038.3248	19119.1287
25781.2709	92544.1172
82642.5331	60317.7885
97516.3423	83787.8304
39056.7208	92876.5418
69900.726	93489.5763
63508.1520	24049.4152
25673.2052	33411.2508
96869.5935	95636.8459
79535.3107	52467.9846
7297.8645	78845.4817
77226.921	31379.5561
79090.9899	73665.2616
48373.737	61462.2169
9339.94	23941.1607
27331.1901	96159.5487
96579.3266	7672.3202
22383.5978	94115.1933
27139.3869	54371.3117
14874.7843	47013.8285
92782.8551	73834.2277
3430.7202	16922.5097
53971.6411	89559.634
70082.9949	61321.2683
94786.9171	67187.6449
67054.8110	14270.1060
7398.55	10744.1442
63555.760	51816.2576
8897.826	97346.4666
91821.8756	73282.5628
1772.3036	95965.6229
76916.3831	76474.9598
83052.8633	79888.4080
87111.4144	15999.7319
90694.6626	56243.259
85010.4492	64891.5531
24746.5363	92450.2370
18637.2729	63858.712
34619.4936	74528.503
29369.9412	2604.6647
60660.6964	7533.6497
65753.2382	94700.3622
42223.1635	17814.8966
48218.484	59025.9878
70808.9943	30547.5442
15377.3082	32061.8170
7161.2542	41655.610
52473.6686	11091.4097
222.2377	76033.3232
81769.7254	73424.9916
60011.100	39214.9822
6492.9553	55965.1302
34536.8703	11351.1046
50314.1854	80873.4664
63267.6527	76181.1294
13062.5021	43505.1058
46798.7816	35827.2507
5482.631	98491.1983
18027.310	37987.9232
98509.1369	47633.3766
2093.6988	76066.8194
66174.980	29307.1080
65288.4188	97251.1348
48710.1865	54572.3476
63434.8900	89812.7318
45777.7740	11703.7656
95122.7233	93231.7962
21779.6867	37770.5356
3467.5453	44551.3208
41855.9221	14962.7739
80273.6800	59701.9095
93645.612	21846.3922
25857.7957	16572.332
10478.6018	80759.5309
37321.2719	24612.309
2933.6181	87557.713
80444.7770	76096.130
81244.6971	12640.2210
11135.6466	72710.3026
460.4674	40710.2262
36412.2414	66697.8585
29477.2499	61505.9369
32690.9653	55240.5686
29987.7490	541.747
7174.3060	29770.3885
5437.4286	14053.8996
93621.4137	71929.3581
73640.1408	95377.2945
69686.5687	32050.2144
96876.7144	63869.7391
51648.5052	93812.5971
79782.6174	96820.6057
60777.7230	79357.4389
80514.7095	46919.575
12613.3099	64820.499
92179.1459	10217.3286
76238.7301	92262.5673
60208.8292	74521.9838
24308.6520	60771.4200
23165.3374	14648.1167
55497.6040	51184.6293
54335.5137	91649.5786
82724.232	21782.5262
74505.7636	49921.5890
43651.8074	73222.5197
7655.3563	89386.5
79399.9403	11264.4850
98541.4111	6000.7586
93673.4182	70697.2180
80082.4068	17844.3058
39656.808	46833.3821
39270.4695	76210.9755
64042.6680	88270.9711
30744.9475	55287.3692
20120.2015	54166.8004
18744.2756	39643.7289
50791.5479	58831.3662
12864.8940	36676.6217
69963.6330	83467.9767
4741.524	53069.1271
38049.6403	69798.8958
88287.4937	68137.4344
89041.6165	34349.992
4370.192	4934.1498
3968.3492	21672.6673
17466.6732	48771.3450
38531.6717	8225.2776
97770.8396	25828.4214
35012.6878	95065.1035
20627.878	35786.5559
26095.4993	71203.204
7016.6087	53887.7612
24119.1709	78941.7592
51702.4776	20008.6706
25043.170	20432.8188
87881.5613	76076.1446
64601.7732	6094.8967
79179.3555	73349.8798
19013.2946	84125.7325
25667.6228	99996.1404
18625.1523	40173.3756
34074.4189	32263.3430
97494.8855	70995.6152
1325.9629	36155.6606
63633.1592	88066.9287
86294.3390	21952.3562
15836.7514	38391.471
15510.2391	93860.9046
87352.835	23445.4395
47651.8697	45639.5450
26859.5731	31559.124
66541.532	14765.5974
40010.9501	7984.7329
39098.7511	57575.5058
37910.1670	72609.4809
81747.7963	99957.6477
99726.6048	51906.5761
68637.4995	49213.7716
63720.4719	85363.9270
56756.7460	79531.5145
26102.5810	27991.3241
15520.5457	42809.7201
33277.7331	50300.5330
45729.5829	56598.5475
14224.9499	87887.8183
91550.4785	20598.4151
42517.982	10973.8650
64321.7613	40864.2847
65798.9915	86844.1903
64498.3382	78061.929
53063.4718	1691.3872
52497.1529	49478.6778
87298.6338	80958.7039
947.8142	68830.4491
88596.3882	14557.9146
32858.4550	46533.4796
31561.7940	10169.8695
19864.2020	89505.4194
79697.8149	22766.1836
15886.5322	93249.6429
16663.3496	23398.8972
71452.9902	16809.2452
35612.4963	60397.3010
80609.5697	58514.7271
21384.5375	30018.7865
96992.914	87273.4397
44659.8903	82280.1209
96168.8043	98322.3321
22883.3889	4206.3192
18690.1923	83017.7269
79243.5195	7822.1293
38081.2410	25091.5166
87058.9398	56628.2632
31420.7076	72542.3497
18695.9114	77962.7149
3052.3910	75259.2004
46673.369	48133.7259
14082.5969	50796.4387
44847.2955	14050.6642
22918.3703	35703.2255
40379.9781	69406.8520
77962.5463	56425.452
31536.3977	47396.5937
72130.9718	23005.1733
70054.4858	1642.605
62995.4390	91030.4074
50704.5649	55397.6658
47392.7798	98481.4859
65314.9169	5837.9285
73741.6674	53741.5835
40043.1483	65546.103
33312.925	84707.8942
33185.7617	59592.8795
85987.9533	58878.72
87575.4171	7090.8393
31862.3448	36095.5770
23195.4941	78152.572
66106.6160	36136.5574
57406.5319	61778.8141
22824.6736	39777.6364
7936.4520	84642.4298
49350.9447	10025.8601
51589.7523	75714.7693
69224.5879	48121.9610
14313.7434	72506.9874
34809.651	79984.9991
67196.1036	8804.6132
38526.9569	6073.8519
62594.2319	63097.4880
42857.4955	49626.3061
4122.2067	5422.6493
1237.3006	93182.8042
33675.13	28428.7471
63176.4346	68948.7582
76740.6950	90844.950
26763.8035	92851.1095
35683.9618	14445.1245
920.2061	75304.6536
73810.7123	62863.2006
12865.7311	61733.6503
66785.892	38656.9288
34106.2910	27794.1932
72889.1245	51646.916
5046.2871	42079.7439
84734.8691	98575.8902
84497.3744	86759.7490
70917.6781	85817.9494
13625.7465	1682.7864
30135.218	40609.5737
939.60	27134.8189
67447.5571	91363.8992
82683.1954	29908.2158
50433.6012	33999.2755
55038.1844	71636.6456
25136.5342	93471.1611
30979.7650	37339.6570
88976.9248	30912.8538
58791.8084	62268.5662
33033.5062	80030.3642
13685.8871	22597.1697
56280.6975	74220.8385
82958.8656	56818.3827
71683.4192	36702.9999
8803.4128	61452.5190
27982.5001	25321.5829
56215.7018	84961.1768
93165.1551	66795.1989
91184.7286	98192.4723
55076.5377	91181.9277
89820.8924	88903.8591
34121.1697	30675.9582
38206.7116	88592.9947
73644.8696	14287.1227
289.2276	23148.7264
86909.8984	81645.5072
94584.2596	70177.8452
50644.1653	97618.3788
70996.6007	10092.6422
84188.8653	2093.8709
38983.2330	56076.278
90729.5553	39367.7954
87017.4392	49906.2842
95548.4427	20195.3659
78234.3837	33166.9546
82826.1630	63333.8222
53576.4386	82346.5721
27206.945	92220.7278
60475.352	14766.5107
38549.4851	71230.7189
67663.7327	89346.51
19138.1905	50193.5035
19605.6702	34024.4445
99132.9829	47345.6607
95140.4623	64726.3486
14265.8119	34478.739
5907.5758	15004.2347
56296.9298	79199.2422
15002.8878	47554.5509
98478.4647	8568.7359
48929.4778	50486.1511
53891.909	59832.133
52662.2148	58892.9060
96910.1106	59491.3295
76696.1760	35801.3579
1836.6854	68093.9918
5669.5808	249.5670
11195.6573	60389.655
49351.2342	94530.2091
26755.7326	2628.7257
33986.761	61390.6242
26165.9853	1848.3368
88434.3384	94.2475
65310.3105	47705.5729
62313.1732	74538.4443
73135.1436	67220.5849
48785.8832	3774.3275
14138.544	58616.4963
63080.6255	48765.4854
79680.185	72167.3188
58094.4723	90210.5224
34061.7027	90886.5226
6411.1425	44232.7684
59427.7724	18903.4209
30502.9939	44271.231
69890.8668	74350.9269
51945.9996	78585.1388
26146.2791	11135.6279
98477.3928	59769.8221
55709.9313	62865.1737
98859.3463	82145.2931
50750.3314	83879.4570
22590.2513	44196.2536
51202.9660	11018.2305
75808.8054	6395.8879
71980.1566	18614.6342
9554.8974	64350.5979
93381.8770	26543.4363
70772.8819	22435.8087
60712.9641	46949.7049
33569.145	51736.961
90820.632	89996.7196
84199.4166	79150.4230
61617.3599	35805.5560
20750.8078	33476.1500
46003.4978	61627.4014
73946.5675	79518.8984
43452.7944	35455.4265
38660.6190	75598.8449
59188.2940	28952.8828
68620.9257	28940.3414
79338.2008	64824.6893
91806.8886	31524.7050
16212.1386	42867.2779
42705.4568	26128.2132
34512.7214	9544.5191
67623.4677	14330.7896
17834.9737	37146.7280
96927.7574	70916.5981
25801.8401	88718.7128
21870.5913	35344.7968
57213.2359	95833.6614
64102.9197	26006.9672
91441.33	95022.4229
99477.6473	36628.2752
69769.6289	97044.7440
31729.9615	79328.9079
17127.5768	54154.7204
69876.212	23078.3197
3558.6056	25618.7945
28732.9516	63706.7491
96909.8969	50392.2742
60119.3306	88647.1818
45692.5269	71256.8236
92860.1515	83440.8277
53718.285	20445.274
38716.510	68961.4467
19058.9343	46489.7480
78717.4120	86356.9371
10318.8869	79162.6745
77207.7699	25656.3777
4804.727	89550.9577
51914.3377	23648.763
44196.3618	57582.3006
22164.5298	88785.8773
97291.8713	52126.7841
79306.4022	15937.6560
1904.5628	55143.7253
26830.2643	52349.5307
72732.714	35020.8125
43817.1447	52937.5669
59582.9085	88569.8134
58565.1154	46299.6848
4253.5180	80509.9835
95943.3591	21865.9230
18670.9136	99507.4496
91387.5987	86878.5200
44802.3885	12100.5916
49370.5334	22399.1470
36162.7927	36313.7012
45130.2692	14144.2747
82561.3576	93554.4293
64346.5980	71039.5630
6522.749	18169.3994
95589.2471	35695.1685
57223.3839	67463.1259
82403.5226	73675.2456
73188.2988	98725.4639
42941.9138	90730.4970
5078.4228	63726.5102
73867.8410	54236.5359
90188.7010	72650.5569
32276.2388	32545.3111
50095.1428	21953.6298
15747.2073	82729.7979
33093.1878	53931.9335
40578.124	18968.4404
62563.2636	93446.5957
32278.7933	51554.1375
85718.3100	75669.5351
36266.2751	56020.4644
31005.6275	90763.3374
30140.5745	13758.8066
87919.788	16120.8778
57913.8154	48803.3370
10266.2320	95093.9273
62132.5670	57300.672
2937.6141	78798.6430
7955.9333	36179.5474
63599.8041	56940.8136
46783.3737	72312.8533
5998.1188	62392.699
61260.3597	8870.4921
37630.9118	72515.6266
56157.1617	49598.541
34703.932	65964.5945
9865.9923	1527.9891
86130.9297	33035.3180
89177.4821	5079.4296
73601.9738	34265.1663
8366.8919	50531.544
5050.6764	8886.1896
8986.1044	95145.9459
53456.6375	74556.7564
56196.9735	37472.5650
3679.7155	82805.8874
4268.9982	78083.2100
34383.3573	99238.7796
6026.2954	20206.9364
97539.7238	87049.9818
73656.1458	15504.9495
54783.2865	50613.7813
