30
65095.6593	17860.5340
34531.7680	73340.8273
5216.3197	7199.1557
13435.3746	25562.7677
65827.2472	82056.4036
61271.4118	38578.8555
72167.8785	20323.1627
23244.8683	27101.5668
61276.3845	32805.5909
45849.9054	61752.6333
69695.4167	88801.4474
55927.2669	68253.5493
37443.7877	9243.6201
71628.4157	93970.136
88273.4876	30646.4530
31417.2031	22320.2435
64633.3723	35120.3472
46927.6011	92187.5556
18047.6584	57825.110
48129.9811	77417.8663
57448.1968	54840.4247
29806.5449	56486.2588
24091.1862	39073.8699
45865.118	86952.5132
70643.731	87810.5114
36526.7107	47304.2249
12005.5777	95384.2405
20483.4668	6164.931
65625.7530	6281.6059
46873.3262	74504.6017
