3000
73669.2547	8354.500
24.2329	27066.5799
35012.4913	63892.7863
20060.583	78839.2615
93081.161	2824.8812
66153.6388	22337.8031
1957.8236	4023.1233
32094.8601	31259.1549
79202.3402	23553.8170
97492.2000	86390.1897
22297.8132	61578.1624
87836.3550	68038.3668
4446.1924	82866.4819
76834.5171	8651.6897
27090.9606	81699.9044
15445.5711	39264.2000
42767.5146	62263.7660
99789.8841	93859.1362
30354.9250	3508.3613
58803.6437	1256.9915
75279.8257	86763.6283
28937.8264	70567.6717
71433.2697	75007.3615
64923.7987	57364.93
4584.7013	46210.7069
4126.8768	27745.3823
54549.4057	35389.7065
88947.1129	37305.90
29434.7965	478.9411
26867.8576	3581.6206
57057.3342	95231.2711
46149.7733	36017.5581
94347.8487	48231.5437
94323.5320	12836.563
28905.7892	65096.361
59920.2555	52379.7141
85454.6250	3677.722
78327.8418	93177.7058
74204.6445	72792.6039
38432.5710	1905.4458
75457.430	6331.9626
50535.3481	63979.3642
94139.9454	20680.2219
9345.3743	72563.2093
69405.427	5946.1533
6366.4299	52766.8757
10402.7169	26088.8895
13409.4388	31630.2108
85559.680	48558.7048
86577.9405	88450.7534
22027.2041	48211.1402
75338.619	22178.3988
10346.5485	23910.5986
57912.1781	45127.1782
29719.7000	38717.4347
87151.7160	60749.4608
59325.2125	39689.1883
45590.6245	40881.4166
3306.7491	80883.2621
19494.1615	68804.4916
21605.7879	18448.468
73913.5189	3079.2962
92049.8286	5897.9813
81649.9853	49914.4241
53681.3056	12288.1065
49974.3948	23389.9569
26779.8322	7249.414
17754.6711	21637.1369
38904.503	70415.9326
81292.8095	72548.9454
44381.2086	69520.4543
54954.6554	29110.4613
69345.1746	61258.3897
38271.5311	44619.3422
72653.7436	65531.8787
51018.8724	71313.6
95731.9110	67237.672
56991.9485	93271.7788
86861.7482	584.1405
29983.3562	86084.2083
56744.1891	51011.5790
39366.2892	79445.7845
13517.3395	16155.7167
59704.5205	89778.9429
44847.5918	36278.3312
227.9600	59739.6891
545.6535	11512.5736
26589.3	24402.1384
86574.9553	62050.1912
99338.9756	51876.8425
59154.4237	38855.4064
27030.4753	77069.6103
36892.5172	47676.52
42826.2351	1125.7223
64566.7752	9530.7
57726.7067	619.9512
16501.1311	50130.5422
7999.6125	42565.7213
95835.7543	98678.9771
11497.2256	10035.520
81725.1584	3982.56
16017.2792	64627.1473
82438.7638	79301.991
49319.2088	6693.7431
6318.2073	40667.4435
65720.2879	62726.3828
50457.1271	67976.9981
24565.7106	32186.3529
49485.9652	14116.6907
9031.2629	47898.9099
47856.394	26106.1244
89024.375	53784.1691
9148.9343	95959.5075
80750.7784	94346.3663
64840.2572	88628.7253
89840.882	17869.1276
47181.5626	23386.5319
77262.9682	57327.1587
88200.1598	22610.5595
81243.7926	35441.7737
73926.2987	36714.61
61775.8369	51643.6426
82749.2042	87652.779
22355.5150	66270.1820
62424.6702	41616.144
64139.1622	99839.2894
90208.5420	68440.4168
60753.1800	15431.2263
89565.4276	53271.5600
99106.2015	86194.869
49711.6482	91141.4223
50205.3544	12178.9905
51006.422	23713.4892
89731.6575	95251.4167
47619.7311	20446.4186
96432.1211	89528.8817
2515.7680	81342.7529
69226.9154	40919.7940
5339.1397	27458.7706
5119.580	37358.2603
96380.4476	69361.6774
27840.4223	17028.7817
68028.5250	63108.8960
54056.103	56815.9624
59013.2339	59292.2867
14218.6233	26.240
70180.5230	99294.6010
81194.8753	11574.1108
94546.9409	39110.1830
98928.5736	8943.8666
25719.4794	92002.1578
53959.8017	66340.6278
91176.5059	72139.2676
26475.5457	50510.744
86207.3163	35934.8024
97329.342	91960.1625
50542.6450	70833.866
28706.4324	77681.5357
72899.1639	64606.7142
56629.9594	22113.5509
1022.1136	69631.2372
59727.6717	72459.9157
5782.6372	27919.3964
78950.3439	61531.5364
42309.8837	35775.8606
27788.3024	1917.1465
30715.6153	70394.4569
43618.391	48521.1327
68359.532	40750.8251
89606.2497	85783.9776
17075.3729	91588.5318
86598.9152	78235.1191
42992.7224	23456.616
91958.5712	29561.3449
99235.6327	37933.7491
34094.7966	53150.6302
66393.2310	54024.441
93375.3248	18822.255
95721.67	94231.4233
53161.2812	69216.2137
93438.5117	91156.7516
67864.9125	80014.6903
70473.953	7178.4782
92727.7244	8810.7904
45368.2116	67659.1834
6809.347	91199.3802
13826.190	37171.8381
10112.3405	49255.6987
36354.6673	25806.6910
17793.5183	20773.1064
72052.4733	29164.894
75312.7853	98535.2605
8900.2785	6621.6133
48486.7392	62248.1253
92589.1383	28120.8990
80768.3378	68529.1857
71008.2313	41931.399
58648.2942	60251.8237
27221.1241	73727.7136
77361.8726	25687.3908
9091.996	7431.645
6327.5968	42742.4377
33606.2808	35293.5187
73466.6094	87555.4532
70482.6064	56897.9300
3309.860	19845.4260
69077.9166	94199.7308
15623.4801	22497.160
63927.3600	19275.2923
73949.5079	61.5828
30204.736	58705.1266
14525.1375	36052.205
84782.1014	87936.9287
90180.6707	14615.390
33730.8191	22591.614
14765.4697	52461.3560
88870.5089	64091.2419
73703.6699	61077.9121
11932.9494	62746.3392
35308.8423	29326.7349
4771.9034	22899.8077
71262.5924	15008.7131
67452.4385	50775.1621
64310.358	48226.9441
23589.9506	48088.30
23785.6894	11313.7334
63610.4656	56682.9261
29619.4147	97010.7201
45953.4650	29667.6762
73710.5500	87302.4190
97523.999	30731.1304
89108.9810	25652.3764
6694.6504	14164.4209
1782.3575	90459.9226
30304.7918	47125.8575
23337.6860	18663.9004
55975.6509	44386.5410
64182.9850	69809.4912
72896.2012	3964.669
75966.4679	42385.1573
17327.7884	92018.7229
85992.9667	53155.8920
44267.1902	33490.2863
61051.4894	46918.6730
99891.2265	48616.3059
91952.2611	85255.4707
21286.1454	70807.2720
36761.3490	8245.9637
18455.8325	15878.4258
8503.9524	57216.1215
8220.1500	22267.3835
90905.1221	5026.3717
871.327	27926.9306
66647.2719	73723.8937
81912.5559	66027.7358
12763.5955	35767.4004
22265.9073	99662.1333
44378.983	55313.1784
40222.3220	91038.5910
20943.182	24844.1291
16461.5235	35894.4822
67309.2168	17577.9819
70666.1938	11444.8786
58318.7401	73654.6943
30935.4283	48796.6892
63679.81	81129.1110
48164.2300	3863.1240
32869.6391	66820.6781
97658.4852	15293.6647
25520.7788	28432.5063
99436.9715	23655.1520
70244.479	82213.5721
24294.4399	20316.9363
27198.6756	48717.4348
89411.1148	19899.4067
19491.8276	30905.6666
13086.1230	22704.9798
14699.4140	38720.4535
95298.2580	95764.1633
79612.4524	50929.177
1870.1805	18301.5468
47843.7412	47450.98
70416.7375	61299.9476
84947.2349	53191.1438
18922.7478	20917.6214
13422.7385	35636.9855
27277.7933	43037.7039
61129.3924	59534.8655
94648.5024	2762.3203
9739.7139	92634.3437
62523.5466	79185.5802
51200.3619	98542.2310
72965.688	98388.9950
31472.3814	50205.1368
38008.104	17727.7888
52063.3778	563.8141
9696.3968	39707.3309
86713.6947	82724.157
51619.9690	18423.4964
76783.1168	3611.7805
21197.4457	66835.8458
7344.1428	44744.5340
5117.1102	15001.6158
89145.6417	93542.9907
5203.1572	4890.2426
22241.1298	59760.4859
40338.7258	54454.5428
25671.8515	47662.6607
7264.3702	49409.5068
44586.5570	9001.8299
7200.9239	41641.6805
36151.144	74256.8003
44811.4044	31146.1543
32334.2509	19335.4476
4838.2946	92233.6755
16009.2968	27059.4717
69624.1267	47655.1070
50562.5592	64040.8868
5943.3966	12997.898
22150.5948	67592.3078
10974.4	49008.1267
53017.6418	94256.6789
1131.2665	12622.7459
53801.5462	42036.2476
17679.6571	71829.4905
95769.2678	66684.9161
27179.9522	86195.4884
74194.4126	40492.4343
73951.5839	7196.1824
10950.9948	72237.5740
48467.245	38542.5062
38938.1973	54270.5066
77481.2501	40272.2279
98745.1462	90548.8645
55969.5760	753.2388
71397.4456	60745.1741
45356.1201	68768.9658
65895.624	26630.8932
17906.1079	23610.9616
90482.7688	60989.885
13803.5147	97699.2063
40602.3656	48115.2864
93323.6807	9481.1591
66518.6931	67147.9012
16434.2463	59927.5867
50486.2150	97711.3622
30232.7786	42853.2712
10186.9022	2794.6353
18855.9114	57047.3804
36971.1281	81536.6563
88521.2280	6862.849
27121.75	67398.6076
81029.2852	12796.3401
50226.9692	96718.6661
39252.1935	62393.9205
81585.8741	14330.4243
39305.7809	49936.104
19701.2366	72927.1234
58661.8416	44489.38
29154.7573	87205.9581
61018.3284	3200.5121
37811.141	68193.9452
90084.6958	39451.348
77703.4067	7858.3391
67913.6255	18188.9083
71666.3751	13798.5248
61011.7656	90440.5257
98429.8299	81459.8832
53067.3925	33752.5284
25623.2134	3783.3557
22681.9464	95737.6291
99306.9638	6317.670
38866.8525	17576.4573
44715.3626	36854.7807
72967.7547	20799.5908
40030.159	74972.8123
7748.8205	34936.4809
44104.8904	19553.5880
80681.6054	21390.7063
2544.8505	21470.102
93972.9742	35750.9526
91618.2972	98514.4600
15308.5572	38237.4888
73070.9587	81339.2749
44630.7093	26438.8063
11316.2299	53062.45
78457.4696	31252.8352
59453.9691	88749.6876
82946.4051	798.2616
47679.6219	67858.6148
57997.8411	56008.2306
14912.7600	919.6406
56157.9716	76094.5362
60657.4304	71155.9482
35268.4823	75533.682
14997.169	6490.2687
91971.1024	92585.4187
62174.7050	92427.4189
25881.5872	31761.282
64994.9932	8451.8684
33980.3865	81617.8294
10312.3467	10661.9914
37648.6766	26409.2545
81509.2821	3768.5271
98108.5247	7261.3773
36381.3752	16606.4507
45750.2480	97593.198
90665.9815	16879.6479
34389.8885	55219.6062
11192.6908	75231.2412
42408.5925	15450.1880
81602.7805	39173.4812
78384.3542	45024.9168
63191.5149	47060.8540
55758.6028	24257.7828
66257.6555	6617.5533
3258.4258	58547.3176
88649.1534	66504.3730
28504.6528	43567.2046
56083.9727	68010.6713
7475.6175	56696.8667
30747.6212	62928.4338
31403.1289	43483.2596
20460.1303	68968.3526
90797.5419	43931.5301
53548.1510	70937.6703
57955.7038	62640.8778
7108.307	45650.5537
66266.8447	88109.8169
44996.1561	70734.1043
67278.1542	62107.8866
76028.6792	63823.7980
58199.8129	42237.6092
67304.895	15502.5669
26287.4313	92720.35
2049.8483	93949.5358
94695.992	9343.6231
30326.3663	84048.7855
45144.8774	9956.2571
24265.3171	86061.7281
25486.2784	7637.3327
12242.3341	6517.2931
78859.7358	94395.8157
9149.7596	40908.234
33393.7349	80292.8567
87875.1757	64433.6509
47508.4863	30613.1843
49523.8395	60851.4615
34660.2764	76385.4472
74812.7761	71631.9339
92670.1574	56640.2902
83112.2690	78664.3939
93426.7982	64318.188
93432.3180	39919.125
48552.1460	11428.2708
69759.1197	71449.6704
50134.884	31063.5615
41749.5393	54488.9151
66967.5191	62194.9038
4866.8675	24530.6617
59813.310	56227.1873
29295.6548	95968.1419
2740.2010	48934.8705
27577.6405	3429.2722
29381.3599	71067.5702
68767.4898	94386.7664
5341.4189	29897.5678
80363.4003	64028.503
35385.4562	89534.9704
80230.5213	30500.3674
9413.4167	46929.7613
12835.7303	12826.2338
46961.9732	81882.286
43955.1933	54455.5818
147.98	9907.2362
11626.2006	37502.4217
99693.7208	4192.1590
79967.1881	11721.7182
30193.1097	19957.3636
96780.8569	1864.5570
47178.794	22388.6363
73887.5514	40997.7046
64193.2672	27466.2958
72374.8925	33880.7416
75276.1443	23827.9811
94725.6587	46661.4477
41818.8253	31212.3716
87201.4459	30306.9356
85964.5505	72542.397
9404.1859	51342.1420
20118.3598	68383.5578
52471.1047	62983.313
92636.7559	74542.7395
91294.2511	29854.4181
84921.566	81703.3354
22818.6265	33684.4520
68236.4403	22864.3527
69937.5262	90410.6431
4046.5142	65478.4473
28648.3713	53802.8071
41116.8311	56679.8489
37842.2725	64895.4683
76089.3970	79312.9406
43088.6483	96565.2213
60529.5865	86248.2656
4482.371	2346.7754
65031.4838	73031.6931
34147.7855	56483.4462
91569.9977	39872.4732
99054.2832	45692.8387
60054.2478	90808.2227
61262.5121	85991.719
96317.9516	46467.2437
11217.2544	65845.5220
36079.7627	19684.3119
6777.5636	89591.4175
43320.9919	7556.2015
71079.2948	22261.1616
83158.5935	55873.3207
98097.1142	67062.8162
59193.4362	74670.2907
16186.73	94576.5667
11874.3984	5176.5665
41804.717	14802.5258
24285.7429	5662.6948
21601.1557	14520.1469
75640.9992	88643.4881
67072.4563	93240.3496
10573.9481	33438.3505
83334.1293	90444.6517
4474.8429	97603.2524
86373.2718	59567.1185
78801.3204	4918.5901
17084.7818	76628.1613
72939.1706	21519.5242
74683.6861	63880.3393
50261.2927	18861.6402
52167.2132	23426.5162
53093.8742	13834.8977
58497.9344	52017.123
55868.6335	56748.7732
14241.760	26762.2943
89190.9245	25790.9204
14746.9592	34319.9368
84548.6487	23700.6832
93982.9141	13731.1563
84968.2205	67680.6210
41909.2445	47026.5105
26295.6635	70290.4268
42451.9121	35380.7339
46210.7604	97726.2611
95878.7039	29773.2744
23231.7053	80060.6188
3995.9542	48343.4423
63058.5816	90723.9013
27009.3037	77696.2582
84698.4075	25319.2203
86620.9845	70864.9143
73286.8526	17147.1858
25481.7472	5627.7535
88942.1501	64306.2102
35512.107	37480.3976
91253.965	70348.9777
97371.4440	29188.4205
77652.7266	68269.1944
97103.4947	21783.2879
69116.8680	98738.385
70011.2670	93758.759
51144.1716	5806.3285
95258.5324	41181.254
82571.2974	57722.9192
80308.5937	85387.9867
46086.7530	49300.8520
835.6180	10470.5395
39337.9656	21981.9748
84623.1174	91602.2674
25844.6269	49993.7320
35869.3283	31750.3978
84021.3361	56454.8562
50121.9313	36129.6791
62372.9686	8842.486
84554.5303	812.5405
7489.2434	88807.6428
80925.9249	19776.619
28595.6186	60376.2444
6389.5008	21736.8708
44677.1593	8107.8759
50507.918	13050.2738
29029.9303	84851.3656
88206.5040	62887.9330
87638.2037	26498.7633
84843.4842	74118.8113
75051.3219	44268.7927
79362.4409	25762.2899
31427.4180	53340.4282
83784.2395	70954.5949
9490.5401	6068.5933
80647.7104	86159.8677
42742.7602	67260.1993
29930.3147	65487.6265
98107.1616	87355.8050
11290.3136	82338.980
94899.702	46744.6844
13793.886	26413.9210
75258.6925	99847.3762
84148.6598	33463.4618
69214.7120	74519.2995
59149.9551	2288.5184
37054.3789	30068.7338
21226.2411	67111.9736
68978.9277	33435.4512
29792.1876	15644.1963
70218.4249	82284.1114
58740.8681	92794.5616
5143.2613	41644.7112
60952.2357	91394.7100
75210.9256	24519.4713
63992.6796	18366.9258
92318.536	19122.9469
981.9051	58971.5210
96946.7605	75905.5345
64074.4475	92055.9825
89798.7203	74061.865
9097.2957	9664.7759
35286.9796	1337.5065
76700.8502	93444.7624
94182.9098	20307.3602
54853.7570	61790.5928
9666.3786	84971.4906
78634.7961	23912.1326
77468.3418	38280.8356
51728.753	93942.305
47012.2249	4086.846
56643.596	43501.3841
16361.5004	9445.3337
41995.7939	84345.9829
94084.4397	87669.2593
57843.8137	54273.5177
29116.756	4267.1874
16218.7399	51005.9402
77171.295	94577.9055
61799.2008	53233.6268
57129.3994	71707.440
30423.533	15476.1920
85146.8145	98552.9059
29312.2135	31016.8149
73287.8230	2331.3786
59618.4323	58131.7507
84531.3681	29776.8933
15637.6759	70224.8944
67433.4379	30756.2715
39018.7011	80549.367
29304.6646	75798.4005
54844.5936	56629.4828
64281.554	63322.7558
1828.2456	40393.2120
26996.2038	84110.638
38702.4631	35271.5356
3370.4826	1018.4599
82660.5315	92858.3921
35724.7483	20035.6899
7217.1346	31432.9961
48280.2431	70882.3206
56410.8653	94837.4001
56379.6638	66571.2298
41395.361	6197.343
15989.9365	81894.3868
43643.6816	2929.751
78843.7336	45272.2259
64549.1285	20525.4106
61547.9212	39787.9717
4470.7300	79802.8635
49997.5156	60457.9936
25257.9285	21607.3420
41313.697	44679.5154
23294.325	22177.4570
84179.4764	63180.7734
60225.4178	48462.3180
83353.6930	6776.9128
54877.2109	18536.1689
68508.4628	35633.1214
89482.3585	75355.4083
91162.1247	28057.410
74315.1424	45090.5957
65355.229	45369.543
8637.80	47389.8987
31744.8663	69956.3962
98026.924	92301.8928
86681.1729	93456.275
27163.2126	98055.4429
51480.8329	43387.2925
50498.9437	2956.5246
81960.5010	12507.1768
30795.12	19422.8992
76220.1873	53436.3080
97033.8819	42745.7991
89470.9375	68073.3487
22785.7078	41450.8448
16130.5353	93874.5336
76505.3802	91050.1320
7609.3696	88499.6366
95160.881	40288.2170
76409.8117	24283.7475
93642.1243	95364.4079
30285.2895	90939.7808
72776.1385	75637.6812
85505.8207	45293.7636
67726.1207	9077.9876
89519.1196	48932.2141
16068.6474	17309.3091
43278.4553	67839.6228
34218.4886	47434.9932
2479.2440	89368.5279
30211.5664	93156.9392
66802.5342	39136.138
65729.344	53871.1812
35257.2430	24966.8198
12787.6192	62399.264
22454.4318	54473.6166
92781.589	62493.3222
55841.4769	61708.8444
39321.6846	41966.7348
6270.1564	74486.2714
87493.7095	66746.7185
55111.5979	76226.4466
91600.8308	9334.7921
1391.4035	73240.8403
29885.1420	85565.1849
5200.9434	62986.9791
21293.3281	72025.1977
60651.2529	4072.3302
47300.9723	10965.4101
42671.9242	6543.8304
39596.1010	69877.3950
69601.6438	45562.2791
13108.1528	27472.8004
7173.5119	45191.5837
43187.4665	84066.6901
95594.7929	9850.2883
59110.5713	36788.4051
88060.8166	80654.1815
8847.4074	89949.184
47934.1560	6866.8279
61641.5843	41996.1875
70381.6441	87695.2716
39988.9349	75662.1879
84710.5659	3140.5421
94832.2810	52741.8401
77890.984	50548.9422
92159.7448	15972.6063
77298.4251	8894.2001
27775.4742	3252.5779
54779.5287	88933.8965
19487.5648	46207.6668
9989.3472	69820.3089
20317.9179	82791.904
19377.8229	61251.9735
27677.5585	66521.1296
46599.4197	79783.5115
51666.8781	57019.2282
54153.6254	77718.7127
37008.5049	40611.211
53608.9540	85313.8978
72875.5292	16704.3869
52290.8587	62022.5285
16596.2917	10125.3891
42141.2331	22791.6185
83758.7507	64745.5832
8053.4592	24129.9384
95308.4987	88626.1978
56211.5260	27383.7554
69442.3240	99652.3640
16398.7827	99272.2544
52208.1309	78733.3121
24669.4638	59635.3797
88897.369	97342.5367
38003.8477	77242.8137
18773.7414	46365.1672
16681.2531	78566.9812
23368.2050	49142.2929
84065.5886	78035.5651
64559.4860	66415.5649
95868.8613	50213.2638
59978.4932	35942.3491
76049.6713	84015.5607
45847.2889	84459.736
15792.9135	41922.9334
45691.1835	42597.3166
54409.6126	84259.413
13060.1826	37674.8587
40004.52	22613.3386
8391.9636	73331.6249
19827.6144	29608.4969
12934.4844	44815.7669
20725.8241	79204.7634
85380.7821	7811.3352
85334.2654	41053.9698
14324.8889	55169.8763
32633.2712	57494.1668
38865.263	66831.2174
50823.196	80001.7369
46829.9767	90835.2103
87782.8597	28366.2134
8889.3896	89129.8131
30742.3377	37497.962
13733.6778	48217.5449
21740.6620	5177.912
66058.3145	50084.9844
95012.5806	37034.1460
92838.6592	1736.6837
36961.3679	82747.7584
41636.5346	80932.3965
11371.8828	23627.9263
65576.4461	71774.9453
80581.7292	70527.5958
88587.7435	60247.300
24007.4494	66066.8784
94928.6569	11271.4921
84340.4311	33271.7316
63278.1035	14974.7601
86405.856	6261.5889
31356.9008	36738.1958
46012.7037	73606.4153
50606.5692	95807.9414
5104.7323	89576.2635
14605.8797	62352.5787
92190.9099	12250.6847
83548.3760	2220.6011
62018.8023	66800.8267
7121.8473	95008.9173
76960.7729	38959.6164
55091.6480	55680.6038
92293.5871	87481.5588
15741.6240	98033.3095
46340.9783	14568.3239
51562.1144	64185.787
17651.1961	28933.3472
65170.6216	9523.4308
92882.9865	18747.9191
49586.8933	9926.7307
4167.8123	26653.7493
37616.1374	98813.533
41764.3057	66422.8055
60152.1717	40183.8751
1748.8641	37825.256
51927.3157	21111.7082
47415.4710	27639.382
3813.4079	17152.3881
67462.197	9307.3195
49810.3773	29322.5798
6080.1033	65315.3325
31997.2517	20931.9729
60103.2156	15912.3370
73731.4471	58967.4584
55318.8443	54109.9672
93785.6464	67817.5811
15312.7042	17230.183
47120.7633	37868.4524
54546.5078	76100.4862
27362.6626	19915.8419
37232.9229	29512.4044
43122.674	11966.7979
40523.3408	56190.5642
5749.9357	41828.3143
32709.6830	15746.6822
67595.3989	15525.3785
9192.6965	63390.8881
70351.6257	95184.2837
46066.9906	69742.1155
24403.7679	84575.8829
53821.1602	5242.1354
63103.2913	13702.9994
47054.9387	87045.5542
52604.720	50736.6397
3081.2571	6878.2872
13383.7911	31533.7262
37207.4239	27283.9087
27695.6963	96396.1474
48508.4390	30289.3266
62367.3242	28419.159
45569.8373	4542.9252
79272.3353	59516.1915
20205.3232	4248.2804
2062.6347	94714.879
95971.6020	96587.5306
78698.2283	89729.8900
85212.1387	63511.4808
94113.7610	29951.6292
81768.2241	19849.957
73003.6057	41574.1806
39965.8906	56442.668
143.5484	67063.7731
26275.261	46923.9415
30844.9654	39635.7930
71377.3957	24429.1803
44923.721	41529.6863
88449.4836	11315.204
87708.1738	99390.690
62247.8144	68942.4768
14101.9225	2422.3616
90742.8810	17985.5452
68930.5893	2995.3511
28446.4841	34464.8660
75212.1364	99163.2462
22287.7374	52140.1765
85686.2735	88091.1172
50688.3372	49249.4593
45802.6752	22698.1042
67133.2944	58888.2599
13972.920	29324.1693
92855.1550	95697.6405
60533.2806	53760.7661
21857.5111	99945.7067
84716.249	41375.5312
52358.8291	36267.3542
93718.6733	37783.3114
8614.8677	49981.3313
44118.202	23886.3714
70684.5954	37297.7985
72002.5145	36509.5059
63477.7024	48015.4934
29043.9380	89805.1774
14378.302	71905.9399
19198.5310	96909.1020
16459.3245	82071.2930
72844.5789	10787.1242
87639.6909	54774.484
54941.7210	38198.360
79567.8455	46119.2202
2012.5274	88128.9001
36757.281	44550.594
73387.1421	17072.2367
73737.2021	95198.7465
12976.6892	58241.2188
28062.2976	38100.5935
68707.4528	59923.4288
30598.4976	68923.7449
29946.2260	78038.8632
94475.6534	31103.6923
9495.9436	37416.6420
10593.25	51761.4603
56671.9289	53408.551
88155.732	68071.1017
31233.6070	64118.8661
19466.5755	66332.7310
10889.1282	24561.3300
90485.2956	29770.8498
81834.3699	4337.5094
7518.5456	78176.9086
4066.4491	29624.6828
8222.7138	97402.9072
69648.1506	58988.8195
59284.9584	82537.497
38148.6926	95656.5992
12874.3259	60539.194
68074.7885	54543.1118
2221.9216	73883.4696
75194.5378	86483.2410
56581.7213	2646.153
92161.1205	12134.5370
95584.1058	44070.7521
49099.5591	96887.7751
70089.8250	14475.871
66315.9787	13764.5017
22018.1565	71134.7815
67373.7280	21184.6648
62616.1474	2271.9715
75036.8884	63353.4289
66927.8838	63792.4949
56139.4923	79474.4060
71341.867	79322.8397
46447.901	72786.8505
29145.9298	85885.3609
39921.7430	3628.5403
25822.4993	44516.1660
12674.6283	20169.2972
60490.4193	87627.5414
91924.4737	55588.1953
87491.8507	5476.1456
83685.6928	13309.2933
26998.8216	23560.4090
86933.789	2132.6523
49791.3473	66185.2667
95046.8026	55055.2888
47607.3788	10021.993
71372.7960	43996.5541
10615.7825	40727.6728
72187.9410	15538.8043
22973.4449	79649.8630
36739.6827	67571.8597
2806.2586	21012.1349
9810.2700	96554.5657
22635.6915	17127.6577
34493.625	94001.9863
73264.683	231.2778
21622.328	41178.5917
10907.99	870.784
86492.6935	42998.7050
91536.228	91230.7710
47165.839	15467.4397
46090.4357	17112.2122
90595.6082	46649.9181
29525.6704	5729.9926
21393.349	88368.1058
41689.7148	13344.5214
98474.6338	76920.9394
89176.2516	29641.5365
6051.5208	91837.1001
79004.611	45722.9170
77607.2955	84434.9434
33590.6299	80406.192
49154.8544	51279.5332
54410.9402	59561.8530
1309.5684	92333.8834
35119.8605	67251.2308
80183.4722	92987.1964
21536.6570	12233.8420
72813.6167	7898.7151
21328.1106	21581.7977
87303.4548	17653.8099
13685.4922	39434.1926
70167.9241	96022.7417
72739.8302	37630.5757
25595.6583	99869.7363
75662.6164	66151.5004
85700.2649	60982.2457
75521.1703	62731.2516
47369.9886	79749.9002
74105.9119	31169.4710
8340.5017	39910.3591
75686.9981	2998.4705
78314.5998	19320.3798
73754.6550	12849.1757
50286.2177	85299.7373
72703.6835	77997.4548
85320.1128	43922.1630
50159.8862	41951.7563
63994.8978	96029.4687
85185.8347	19497.1184
23159.709	82767.4098
27935.3183	32867.7582
29817.3705	70447.7249
21395.7510	23980.3925
41842.1109	24793.1006
41733.4265	79924.9176
92003.1527	65205.7694
72484.6800	88441.6446
76785.1511	90207.3191
50713.496	18104.7436
12085.572	94534.9741
42391.5534	62937.3136
2603.1570	67566.2692
4558.6029	94017.7447
29427.4843	35539.448
59551.6328	91833.2627
92157.4984	60090.4
86974.4310	10013.3461
99584.9878	61421.7651
23910.2977	15974.3240
12761.7187	65721.7725
59077.7402	74711.8147
42016.352	48538.3382
53502.8077	17009.210
51905.4266	32752.8514
91707.618	33937.9721
35389.3866	83249.1540
14204.2598	90382.6793
88973.8131	55374.4702
76298.8844	19532.8179
60205.987	84388.5480
12580.9760	39020.1652
46013.6654	95104.63
60860.4829	14211.8585
30503.5269	72586.1470
63827.5272	48056.538
54002.9113	22904.9458
76344.7091	55189.8850
32021.193	1235.2146
16159.1784	13454.7852
26372.4248	44984.7736
49104.8310	53410.1589
63922.8667	53844.2300
27625.1739	32888.3307
43527.4424	26647.7965
77868.1272	5235.6997
85015.9631	28775.4660
81992.993	97639.1310
82027.1018	54289.7768
34228.284	87061.7031
40363.7791	62329.5593
27122.3815	43630.6734
86004.8758	72495.8883
71478.6260	85744.5856
42797.4085	49780.5304
27672.1984	68505.998
43597.615	19907.8935
44672.2290	64228.5636
63983.3781	92923.4254
52459.5600	97473.3784
66623.1215	21913.9937
10720.4173	32386.9054
93355.3063	77045.926
9471.5895	27935.8171
30959.8345	87199.8314
6742.1780	63093.9765
54399.4410	66675.2452
25853.950	21840.7341
95412.4425	93024.4182
87855.826	45493.8433
37864.9827	21802.6882
66046.5776	56104.3809
34175.6228	38405.4791
94749.469	4423.3493
36493.5098	29099.7134
82750.4934	8937.319
50305.4975	51855.8197
85327.971	56736.2439
97266.8554	3314.1481
11187.9317	39070.2023
18973.1458	2020.8877
30644.2390	88203.8201
11625.7199	73460.5071
81368.6817	57116.321
634.5042	80365.8844
7950.5791	32898.8362
63975.4867	96191.609
33401.3123	45454.9720
10726.6641	74038.1407
47427.7161	6438.2568
73431.6981	36211.3703
23344.3689	38061.7525
53967.7345	57440.8552
35931.4677	87517.908
79141.7619	7052.3177
11474.8226	47733.1401
32119.6440	26806.5433
72287.5972	15191.8952
46153.7230	38205.3431
93543.8849	27963.2130
35369.6162	15344.1564
88825.2352	40000.5922
12441.1911	8336.811
26356.4727	43711.1695
87539.8950	94835.9762
45310.6123	79172.5774
40563.9002	50903.7211
71255.3983	43729.5758
14727.6552	33743.2455
74867.5054	52066.7756
2407.5354	7953.8108
17129.8952	55830.134
88817.8278	37615.1558
64081.7866	52498.2882
60300.6356	83768.7255
98778.5429	64516.9686
98089.4969	10634.1551
48406.8389	61144.9792
61862.9429	94862.2382
94992.3461	86258.334
8800.253	74738.3137
10306.6961	73700.6489
22852.8651	43412.2876
66560.7922	78749.6382
19878.6340	54577.9496
72729.2375	19071.4000
49146.3287	10822.4880
58342.4121	32896.3400
96986.7029	36716.7219
29118.7895	13186.3982
77139.7636	25396.8770
34917.3565	70546.9701
42846.5737	19176.1715
13041.4520	96340.6566
72100.4938	69964.4961
4960.8696	81331.937
44152.3516	55367.7929
53282.8232	98287.5085
81309.8658	86519.13
37065.4517	59316.3729
28320.3839	82003.4638
37682.3226	2777.3439
96990.7377	92805.6463
38870.1262	1416.5141
12017.4401	79536.5196
19319.1916	7393.5476
61417.4019	27786.5475
39219.3397	87290.6297
66277.2559	39727.4425
24259.9725	87726.1496
8057.6811	47052.7508
44540.3849	59918.5114
80644.4373	17196.5641
94841.561	76354.9331
74881.4739	65474.8810
65794.4535	18592.2243
69754.8089	23671.1366
17867.7477	7080.6723
97428.2841	26067.6929
87182.2153	34284.3379
26065.9618	31054.9744
43164.6726	64143.5172
17787.5818	92730.6427
10153.546	34896.1472
97243.1985	46046.5723
72514.9348	59344.5497
34406.2075	51816.9194
93328.8979	94051.2428
89244.6387	61810.1311
62502.2909	53675.2557
24782.6578	49818.9727
92341.1333	60545.4284
29271.5532	52656.6616
89016.2174	79369.4134
32062.949	92023.8949
9351.1830	17205.9169
39645.7043	58178.3074
94496.3239	43831.3462
59573.6771	88040.3276
66571.9309	44325.1904
21047.3906	80558.4706
45794.1662	34130.729
21743.5815	79402.8118
59545.8802	4088.2272
76720.948	53759.5546
57142.6121	22109.8628
52207.2183	44605.7200
61540.4365	96031.8348
99258.3293	42352.595
10268.3425	88049.5134
24978.3296	13279.5768
49095.5242	30546.4107
2907.426	1575.3916
57010.5688	15730.162
59277.4814	37217.8765
70028.455	57529.4374
63316.8489	89659.2465
73482.505	42194.8372
7623.9323	8832.4105
74612.7865	57887.8656
57958.9864	51216.5733
14298.7588	8658.8994
50758.9774	78314.9379
95560.7327	90011.9065
19439.7369	36967.7154
18534.8014	39687.9082
17027.4358	44137.4155
54377.8799	34929.8901
41207.5522	8287.659
71889.9801	98555.4273
32876.5434	36428.8310
69243.1695	53725.1649
13380.3746	68540.7833
83705.4557	87852.9058
39959.643	33770.7550
9637.9695	61835.806
60878.2253	27078.6741
19435.4933	37243.632
9851.2284	82386.3888
61449.1363	87107.992
97841.5068	27207.8072
19940.2220	11127.5424
65279.6253	49518.7122
32327.966	92366.1569
341.9306	14071.4184
47068.7238	60515.8566
78972.6522	53142.8182
18231.3761	90291.9437
14212.2607	25904.4040
42048.3792	84591.4839
63070.4334	54014.1039
69395.5754	76394.3744
96524.1169	91151.6614
80017.655	52384.1769
24918.678	48720.951
111.9731	30701.9978
62300.1918	15359.9513
94639.9433	57955.1791
15539.9183	4747.9827
96410.4818	4799.2816
16825.9926	63068.5712
1191.5070	51975.2206
27694.8352	92398.4814
3915.9580	4286.6539
42837.1742	64423.8534
65556.126	77280.7576
10358.2813	65234.9535
46506.135	32110.6325
24110.5224	46180.1641
95187.3657	96624.3685
19352.5241	48140.8809
44410.5790	89022.2463
65862.4344	6975.3219
96755.4659	52224.4204
83083.7420	96228.3116
288.981	98440.5936
22259.2254	38594.1878
5272.9824	71226.1794
55275.3289	61373.455
5900.3176	39961.5786
12438.2982	84267.714
86448.3304	24598.2256
94177.786	14410.562
49868.1866	57410.374
59266.6060	43769.3726
71626.6589	4357.2320
17885.8269	21704.1910
40408.9236	79298.6960
4466.9474	62260.1776
94910.4529	77763.3105
52431.3758	92498.666
86626.1278	27933.7133
418.7550	96100.161
33905.8612	28650.6693
3083.5963	30072.1885
97424.6027	91133.8148
52914.3823	2425.6603
1466.6630	29218.6985
41603.1373	56175.2913
47182.4583	66000.3673
10574.3692	96335.506
10790.6545	49730.7094
73934.9702	57499.5023
55030.8419	73854.5906
16135.6093	67991.6568
42222.5349	12791.6252
45162.7538	2114.3643
47641.6007	13905.54
66699.3785	70889.7887
25133.1220	9842.1754
77636.1098	34705.4736
58457.1761	43409.8734
14224.7490	89536.5789
43649.355	2621.5989
13479.1254	96512.492
75792.463	69206.9563
18424.5196	28910.5119
28412.2865	12189.1706
33506.9821	83451.3545
79014.4120	52184.5443
12010.8187	17052.2702
13481.9678	87564.3037
63802.6492	33375.4250
24179.2986	23733.3314
40218.4588	71139.81
50469.2551	41551.3507
93215.3719	38841.5366
64161.3754	6604.7098
46423.291	33912.5360
83486.2727	98190.5464
41177.3018	60007.4589
91151.5264	942.3007
50476.7880	85560.8991
42175.6762	31549.1881
92772.6147	20197.1982
38406.6189	89862.2840
50037.9729	60840.9246
40603.2014	56107.5623
46010.3914	85390.2403
37393.4951	47834.287
19524.8577	13985.5863
55132.8911	43915.8087
73968.4021	56482.6248
64526.3941	93605.2387
51784.1614	92377.3536
37622.4393	63964.4773
96875.6373	16558.528
72540.9747	36033.3381
2996.3424	39656.2793
67854.8400	41690.4747
28288.7131	27076.7340
37938.54	25885.3952
77424.2644	89890.9076
72140.5778	89510.3196
8816.5655	73890.1195
52199.2416	87562.2481
72450.7944	45451.9866
58449.9493	85835.5288
17338.927	91338.9478
51907.5319	24563.5041
70563.5932	93935.426
83325.2754	78959.7838
33477.7049	32911.2922
72616.9903	2243.3399
30978.7993	51386.7744
31795.8695	20114.2610
32224.5413	52419.7716
55366.3043	21837.4309
34049.7156	88886.8486
15310.5548	46668.1758
31423.8917	67336.3702
84532.267	72434.1079
88455.4275	70928.4956
6631.458	10579.8474
30380.2663	87013.7043
30883.2774	95841.5883
98942.374	95294.4201
19667.5376	33342.9325
84639.5826	26065.7859
20730.1118	72331.7975
72715.9366	18200.7857
8592.9463	4759.7642
57456.9764	50635.23
68428.1059	83408.4983
9721.7100	47780.7239
13209.9021	4715.2421
19788.3749	81487.8151
14344.4859	23947.6777
33388.5404	54550.3347
69282.8465	34120.2546
48588.9161	12476.6491
83832.3078	88237.9583
57439.7339	12947.5994
91378.5898	38467.4911
72279.1045	68941.9641
61379.3931	16722.180
60421.2152	35627.2427
72437.4008	7202.9612
32308.1310	33786.3848
20588.9911	39183.5269
28935.7082	59990.6456
84403.372	83509.9354
19408.7383	29450.5251
16012.2377	41498.9879
5291.3457	35452.2297
45472.3524	23241.351
29228.8932	49511.5801
31569.1266	1724.3414
10066.1629	31343.332
49455.9769	14059.3619
36732.3805	9526.3482
8953.6614	26574.3612
93581.9441	34236.5305
8434.7514	54199.4133
60765.7386	15437.7653
14933.7857	70812.7468
22773.8478	42681.3821
17331.8630	96962.1363
89496.3486	51421.4259
35771.6883	53214.8842
43721.8910	24448.6057
47730.752	9292.1528
15756.5596	26275.6600
81280.1675	24262.7766
29279.591	16338.3039
35742.9484	71814.796
8300.8813	80152.4191
22049.3697	43031.2332
27230.7522	94206.3539
74762.48	58123.474
10291.3765	83830.807
334.7512	72266.5325
8810.8312	53050.2950
93349.6866	6897.5390
65397.9816	36997.4402
14149.9094	45669.7402
17221.6695	44980.1346
39483.8468	88531.4564
1418.7737	44432.8938
28408.7837	51583.661
11383.8223	70638.132
19615.4544	53361.1010
37398.5095	82521.8697
1008.5771	67363.8934
44062.367	72806.5268
69040.7905	98663.7004
37972.3907	53627.3857
99220.5090	13762.3647
9370.3415	5217.9249
61308.977	12554.6168
16251.8010	61739.2828
40139.49	79403.7649
97494.1798	97618.1536
84144.8570	88192.1588
29839.2816	78688.168
82942.3374	54658.3713
77158.1597	11198.6685
23818.8888	52675.5044
18790.5693	65726.6769
69206.30	89126.5435
12531.1612	50145.4541
90042.9010	25726.8717
58778.5866	83610.2695
94621.3460	31193.6873
73167.9138	87994.2038
77488.4949	68277.7329
86764.1786	22357.7783
3597.4320	6094.8057
70667.6723	15025.5002
72497.4857	64009.6644
15172.5285	23794.940
48659.1367	43295.2085
25197.1541	7082.9955
41079.1748	11748.174
15974.1061	13661.536
4281.8614	89611.2644
31999.2025	90715.4434
52256.5697	15122.5159
83894.8313	65128.2629
16271.9689	12081.1814
77212.3373	70630.5188
38343.2819	53562.7767
19068.6349	54032.8804
5936.5422	56199.1490
39763.850	73794.501
16585.4215	24407.2924
5670.1352	32807.8353
62091.1276	17436.4981
94682.6290	25778.9668
67842.6389	85493.7876
78804.4636	4650.2291
70447.6565	27643.1143
63099.9944	73068.6236
1395.4029	65157.2873
43927.4666	16135.4894
51031.4364	80253.277
65047.401	36730.2482
23509.2958	27105.4437
82480.6489	14746.658
59707.5527	59686.3380
83739.6879	81275.9676
59590.4203	87899.647
31533.7025	45983.9029
27216.653	18067.1371
87896.1760	27910.2234
54680.4112	75045.3579
16513.6642	38937.1198
96141.4005	90750.9930
23882.2001	40221.8385
39359.4845	70142.1325
87779.5541	72244.3596
82639.2056	73791.9395
80104.1936	89366.7117
72500.2266	39378.6240
19980.6008	89123.2133
74960.2009	85447.9618
16929.7985	62673.9874
44314.7061	85168.4914
97649.4033	93810.5425
63952.6681	55297.1367
32298.7389	50999.6141
87057.4278	56620.4758
11778.5689	11001.6096
40269.8671	24743.2721
69087.6854	14805.1645
39444.2057	23112.1491
32768.5988	4409.9200
6313.1284	708.111
34182.8572	11539.4089
37730.4164	66781.7317
27205.1609	86409.1730
21989.9027	14024.6953
24226.8458	45691.5350
46019.3858	71229.6520
36010.4487	80566.2683
81754.2866	31844.997
81995.9145	42836.696
65172.8258	76219.7248
35991.2333	10036.6072
96824.8929	97291.9385
32478.6722	91137.2625
64871.8832	30339.6675
81054.2528	28809.4978
31071.2593	53797.1082
71681.71	20143.60
43616.8342	9092.3365
20319.2389	68532.2445
99747.1206	11607.6788
80072.1906	12684.9521
37414.4404	25046.6709
14561.3086	46325.4848
83694.5862	37045.9069
11651.7278	15608.7480
5003.1316	79652.6341
46534.4680	71592.4047
21697.5606	40342.224
11215.7758	34355.252
56978.5706	50414.4018
26496.6143	40875.1454
19758.1521	88568.9010
73556.1971	72945.3022
11790.8721	21750.5753
83896.9112	34404.3246
34719.2885	8211.3020
47109.3691	86779.8913
98375.1334	78385.5670
71301.1455	888.6905
71309.5811	89381.8979
12949.4597	1359.7190
46584.9589	8128.320
58717.2397	28242.8290
20184.7623	63174.5598
41563.7562	94323.4559
23278.623	46007.6970
34763.6419	84625.6080
7961.4307	75322.2197
26585.7803	61984.5250
88149.3980	1305.589
31396.8011	38347.4861
48004.9492	78201.5925
31545.1864	37625.2345
54829.2938	79124.9877
69300.7843	50557.3228
55495.6596	69979.1372
31778.9088	23262.6779
4628.6842	55801.8078
75203.459	27387.2640
76034.1076	30579.269
88966.9894	71455.8026
69158.8546	33658.7867
49306.3065	30930.117
45979.7060	1633.339
5081.4034	64984.9608
57599.3137	20014.6362
12653.4830	88326.5525
69255.5013	59509.5956
66540.5069	3379.8204
64734.6838	3466.2296
35661.9087	40824.4220
12840.980	24370.3790
33785.6637	75057.8354
43534.8678	4207.1839
56072.9761	34937.491
31384.9846	8403.6000
63061.9453	20368.4871
53312.2079	12061.91
47568.7277	62370.3943
29037.813	73438.481
94466.5152	52203.4874
18419.2193	98390.7085
37710.5030	17490.9311
13767.2864	67966.5136
84979.5670	67729.7827
43126.5001	62323.5245
27392.8349	5475.6146
52721.763	58338.2081
43487.1608	54357.2107
72741.9432	55704.6552
54102.6786	41409.5149
82551.3521	5479.1125
27375.3175	92780.4514
15437.2604	77254.815
45515.2192	14504.68
5251.9334	9170.2576
47449.1202	65700.5488
3286.3290	98620.5400
75691.181	35058.7906
61413.7236	64912.7433
16534.7962	68065.2831
49192.2348	9149.9342
75450.6939	58934.6009
94038.1322	60791.9367
71555.7229	34992.6132
42404.9086	37988.5810
18117.4479	39443.2515
62111.2069	98919.8038
87421.5465	31148.238
36865.2845	19099.2480
91678.220	5324.7745
26165.4675	37637.7152
38514.7738	40713.4568
3056.8414	83112.9990
13346.6416	32332.6809
74475.5129	18742.1500
45403.8367	58136.6598
87676.9314	96635.2124
84384.7216	32560.6973
69583.6118	35459.3026
88887.5822	52903.1856
43326.2465	26169.9352
96910.8396	5628.9815
36454.7635	87822.7935
56602.5721	88249.3468
44746.3568	25804.2041
62344.9472	71972.8556
14646.6705	56453.5794
50026.1968	12636.8281
87557.7461	95698.250
27127.4971	82542.9383
55597.5699	18518.2192
3847.635	980.3209
85604.3625	69130.5886
25643.6678	50488.8247
15042.5553	21130.1511
61377.0	70909.5100
9436.1736	2600.560
53617.4071	26331.7503
22783.3762	88251.7233
34414.6025	7789.7054
56494.9844	19231.3341
40842.4351	52688.3097
38617.1137	93550.789
59374.6818	84244.3253
75284.3055	16084.4424
87694.3933	55955.814
37282.6163	8113.4321
66759.6431	75073.6575
91824.5339	97642.3332
10263.5981	15313.8012
81801.7937	80874.4207
69340.9091	11312.8440
84586.1776	76362.9774
21630.3102	27873.9558
98791.5344	5462.5654
3054.2679	46522.2952
4997.7796	70211.1049
6178.544	63689.6582
69128.9797	71952.2974
88763.8987	80971.8475
28784.7027	62381.2845
86402.9510	61602.8030
28212.8892	19512.1197
84708.4213	31496.5605
72262.6812	30032.4407
13292.5482	51667.8367
68858.7226	80823.3520
79155.1182	58477.2003
1465.4526	89512.1418
3574.175	44355.3712
93111.1345	45738.9430
80125.4360	11138.5569
84570.8635	41757.4954
74620.35	22628.9120
3438.9416	82676.4719
42927.2960	83694.8608
71883.4959	93970.2792
5267.877	69106.3771
64040.8928	72645.5047
25190.9762	93561.3893
89245.2775	67595.9885
70901.1870	32584.2528
66023.7902	99804.9500
61058.9871	75492.8888
89124.3159	11486.3892
29149.6686	25739.1708
83503.2296	18988.4678
24211.9095	118.4895
54429.1356	66846.2606
55887.9059	34398.9952
97670.5899	90839.3443
36760.7132	26793.9821
70347.7591	1509.8797
23584.4337	346.1600
14343.4911	23630.8789
27166.7795	51925.6561
64532.9329	39494.4225
87632.862	81276.985
60500.5798	982.8028
72433.3311	51492.9848
8589.1650	96637.6895
42210.4133	71299.2196
33581.4633	99200.4609
4100.4155	16768.9859
65254.5207	8657.9803
56453.7822	50306.6888
85504.8609	10001.525
55661.3188	95097.7194
86102.8359	47236.5470
33983.1545	40070.79
57088.9666	71749.1678
66998.4709	66167.802
65817.582	74312.1761
90487.1405	90501.4529
85152.9842	53459.5865
21759.9875	10621.4342
96459.7219	93226.8565
93265.8739	53699.4856
73836.7354	80529.3944
82229.3119	22948.3029
67518.1032	40664.8318
12292.8268	46656.6122
5498.4534	91580.445
8954.8336	44565.8154
12133.8442	93073.1452
36260.216	18987.6473
76759.3995	38308.9000
37181.1090	84703.698
71462.7645	26888.5602
17359.2907	61039.4508
61488.1641	57282.4972
4526.8283	60760.6245
99060.5612	88135.4867
14467.7028	47420.952
31335.2172	87731.9555
50240.8493	22174.7006
50732.275	51291.9408
11055.6919	42700.7318
70562.5662	35198.566
30736.5058	79000.694
39495.6115	86290.6315
77513.9287	73729.3728
55304.4564	93654.312
15631.4815	77806.4594
47410.223	76277.7961
41910.9989	77228.4684
55287.3547	71670.5754
75129.991	89634.5275
67641.5452	33071.1635
75300.5641	19500.7742
96268.8084	17414.8712
39866.5317	20833.7794
66199.7826	56489.5891
43827.9772	11231.5532
8244.8551	53256.1464
48244.4080	35267.2311
31829.2112	56819.6625
88727.912	97934.7335
596.8638	70692.6722
66831.9160	79916.1255
42059.2762	27220.6242
58597.6983	60358.7620
72469.2556	53876.3735
50558.4901	18648.8140
77416.8953	36316.3410
6466.4807	24982.3600
61202.5841	56180.3170
55042.8391	68365.600
81906.9523	91572.9471
34469.9377	34343.8982
92211.4983	21360.7374
56154.3196	3825.1095
85896.9571	67850.4061
34091.559	3436.25
54117.9142	33185.6027
76246.4728	72292.6803
22797.4179	17616.9085
46603.6396	69535.743
35709.3479	64939.3734
50572.7486	41918.4350
10490.7653	71571.1166
27669.7003	64186.4951
40086.2270	84923.2043
21666.9770	69492.6761
48170.5915	92425.3280
12006.2583	74259.3850
1366.4673	21554.8841
38917.351	90892.6499
81704.9040	64932.5673
75173.6471	57259.5573
37197.6100	56530.769
7877.4578	62185.5440
41911.4102	97868.6221
1709.4808	77105.4454
9094.9980	10994.1593
57759.8305	2676.3221
5273.4125	2901.6610
45104.7450	32036.5966
17368.3894	14621.8471
83636.7249	77279.9224
53226.4396	86825.8869
26317.8215	74403.9190
56977.4445	60008.8350
45117.7792	94946.6411
30206.5820	10253.8233
85631.4042	90509.9781
12592.3071	65323.48
74725.1497	27721.1576
34676.550	37852.5324
50664.1105	11403.1913
64399.96	68973.4831
63008.7644	14806.9966
36453.9986	86671.2949
36419.6291	2812.6842
19110.6821	74937.5985
16315.506	92818.4366
33417.9081	54070.9519
59046.7121	25122.6571
33210.6119	37363.9490
76726.1730	21143.7206
76973.2515	39316.5055
65518.1820	92324.6334
76668.131	68157.4391
5392.8643	24337.2679
22853.5159	52959.2762
23113.892	93438.3836
94579.5555	82362.268
49202.299	76880.7246
43300.1210	24688.1586
26918.5627	23783.9719
78102.5733	16253.5104
92364.605	39102.8636
75860.4803	73722.832
78406.3074	74781.683
5309.3744	15944.2156
32294.5448	55247.231
68037.5995	53275.7271
85908.558	58179.1853
88157.1009	11452.6830
24454.6897	49433.4127
77683.340	87849.3512
5994.3286	81253.6784
8170.6810	48104.7874
93540.4090	31574.7022
91842.575	91076.2353
37401.5960	11976.4993
82692.5441	3122.8324
39335.6398	79448.2058
23174.7678	28081.8044
57865.5912	1439.2044
62118.6016	86890.8752
58539.6332	67903.7016
54054.7294	4794.4096
92829.439	44117.6477
84362.6184	90367.1271
82491.9196	65039.4893
43733.3967	32889.8359
31698.764	51208.8230
68046.7668	1321.2527
48343.5987	18143.2543
55337.8676	42355.1000
42400.78	93126.3822
8574.4010	10814.15
6833.2272	76640.3310
48790.6975	55531.2069
67201.9646	61050.1123
35043.9486	26380.398
26197.2820	76899.2118
19298.4001	29438.1023
30686.7055	72301.8818
57005.2743	6479.4772
57384.7352	64644.6975
1570.2485	62156.2739
33965.7875	17260.1514
98887.661	87635.8976
84308.2371	72687.3096
79579.2962	14630.956
68351.7026	57041.7191
66289.8909	12866.9268
45870.497	30020.4834
31803.7123	34880.7748
30757.3320	73255.1294
28053.818	16358.734
98351.1702	57156.7079
73389.6176	63942.4219
27509.87	14352.2024
40006.9223	20260.1355
67333.2199	29116.2801
86017.5900	5771.8753
63231.5944	62901.1429
50953.2161	88222.1653
69855.5512	33666.3104
4514.1001	43352.5416
7316.9162	1790.1128
71117.6196	55026.1139
15211.822	58531.3257
92789.5399	21575.9208
33100.201	12514.6347
17070.7780	40834.9832
18340.9748	64161.1357
50341.8221	62090.1037
54856.9983	34580.4390
2944.537	66630.8014
12819.664	49484.7017
89189.446	54831.8366
55354.810	31393.3351
53374.2789	67653.4745
85979.5454	18187.2771
91187.2328	50848.5549
80660.5459	29483.7093
40861.234	1483.5849
42810.4416	99610.6230
24784.409	77369.1119
89664.58	94914.2758
74682.7957	40696.5953
81739.7687	16941.7180
70559.3740	2195.4262
22776.3028	88619.5868
68069.893	80935.4833
31316.6234	62801.7691
88589.7206	91253.7165
37995.4777	87976.6135
77132.2768	38976.9987
55470.9291	6646.6193
84747.553	68939.2975
43823.2404	9024.9688
19969.5634	1992.7799
55878.2802	37820.6035
54560.787	86749.5703
78752.3362	89961.3407
3545.6452	83515.2624
52197.5517	49246.8308
43453.791	69080.4408
47968.2585	59979.4933
34940.4172	3562.4994
68415.6529	23061.1899
20359.735	2100.2860
28727.7582	82461.9648
12117.6725	27062.4931
64162.8623	9810.6102
68552.5460	83468.2984
68738.8735	74474.482
26409.4824	91708.1257
55431.8704	9691.637
86023.8099	61430.8682
35468.2777	73625.2326
58309.4466	80165.4010
69867.1554	9213.1146
80466.4639	52185.5592
59393.9998	20225.4509
18242.1103	78593.6536
2214.9065	50264.1288
2334.3185	57249.2730
69031.4022	14206.3405
11632.974	87406.9931
13470.7259	20141.675
92087.1496	21597.938
51303.1836	59975.4943
83285.44	78830.7254
55277.8358	10899.757
47007.7137	28274.4968
21100.7575	65848.2965
61942.4670	82623.9588
49246.3392	64006.9974
36504.1791	93143.1388
18331.1657	71673.8634
11818.4796	95170.1720
9361.9957	27600.8027
45420.2483	1745.1132
84339.7763	19789.7472
58153.2477	4676.7791
26195.2627	48793.9628
16452.8943	89171.6663
56805.1163	62210.7605
66758.750	71659.2322
36536.5169	18201.2672
2130.2564	6766.7753
87136.2427	75350.375
73314.8620	89667.3920
84975.1715	38128.2453
76924.3923	69270.4699
6735.2495	13370.5009
19455.1504	61022.9615
69528.7628	36234.6442
99514.4184	11353.5404
9901.3389	38933.5520
99001.7387	20222.2944
67377.3270	71719.2848
10570.6488	13892.9256
68348.2827	19830.792
22844.4914	71694.987
36042.9480	61747.5235
30450.174	21226.509
80615.8927	62273.3394
71046.8652	82435.5711
18164.4606	547.4049
11370.6498	91144.2587
33494.2923	13629.7365
4408.4589	31227.2810
86738.5567	55070.1412
31892.8122	62245.2594
49941.7080	3815.5423
78218.4287	11152.2846
20104.303	20268.3478
58349.7130	4367.7110
26497.5953	39519.2274
93557.6888	19148.7324
44442.9182	95371.3182
32883.4649	45395.4305
90836.8152	92487.6419
51246.2362	88204.7832
74958.186	38716.3159
49069.1569	15284.4960
95883.5629	89226.7621
6799.280	29990.8462
67755.2024	91248.4333
92186.7015	88136.928
3462.6091	65712.8625
72122.5198	48563.9689
59144.4302	65549.4078
7362.6967	44877.1865
61657.784	87662.4545
89605.3468	71646.2381
98264.4144	16361.3402
3806.1438	40597.3419
12363.8094	84554.400
62615.6856	6124.5265
70161.2574	23632.1237
86219.6968	89211.1604
76109.2903	22246.9625
76717.9116	43241.9644
51788.2896	59614.31
48743.6371	41195.6815
7624.2228	57559.2733
22997.1664	70094.3577
57205.8970	44399.9328
61088.4849	25459.9965
49289.9775	48605.498
27035.9393	17884.8296
70809.1354	31953.7252
48256.9634	48256.4171
80949.9930	38582.8947
54355.8115	61924.8287
50212.6934	51001.4270
39918.4254	35001.3523
73865.5270	95317.6594
85969.3766	2626.32
87347.7465	10555.713
89386.6317	25686.3832
46865.740	36830.4501
97661.7759	51478.2053
77794.3595	58275.1968
64717.9227	76955.5473
42903.883	95895.6914
39745.5449	47462.9679
99705.6308	18774.8570
34792.1996	30808.434
1279.4707	50820.3817
91392.7682	96232.9090
30439.7515	17212.4582
40982.6383	99291.990
96769.296	2897.5326
55248.8939	77861.1854
44214.5400	39633.9968
23867.84	32809.527
81354.8237	24282.3874
40916.6084	52321.9015
40848.4896	88064.1923
49416.5914	70356.5024
89959.5681	22898.1208
7943.8041	69264.1315
17326.2212	75667.9873
25044.590	50876.4386
16909.3543	58217.8612
98838.3161	80652.6089
29014.6634	25681.818
38616.6650	72072.6645
80904.3396	48528.8674
48620.6674	8337.1994
48234.719	87780.4602
4003.1382	84023.3127
17454.7347	48910.8563
76375.1351	14289.524
55545.90	54913.8811
12142.170	53484.3701
22807.6256	66550.1738
19473.8714	52300.2265
84120.2742	26022.3862
36573.9456	16307.2016
41418.2306	34356.1826
57492.129	94856.6604
47697.1890	55319.8189
60037.5542	28208.2868
22769.4148	44719.1572
29339.1225	32329.8767
68104.744	64919.7473
92532.7815	50878.9335
22979.4260	20051.7819
4049.3780	45734.443
46739.3830	36285.4364
86014.2723	88822.5621
8125.4954	96237.1080
31632.9603	29178.3235
8822.9831	54051.471
45894.176	19537.9327
41133.205	98575.5232
90669.3432	68550.6559
65643.1323	28053.7707
10942.1393	77622.8710
75032.9780	49049.2685
33964.657	65093.8510
31864.8736	13052.2076
1821.6501	29054.5217
69876.6531	90995.2194
59563.8670	93845.9305
62335.1578	65287.462
55367.6359	14360.7689
65674.2449	69890.3587
61843.1245	43140.771
1262.6128	78369.6474
82759.5268	6788.6912
68221.4560	82141.554
61105.1553	79459.4811
45062.9111	23681.7354
44500.7770	45342.6660
81028.9578	97850.9382
29412.888	14148.1506
76626.6949	3796.3755
813.2733	57535.1524
56781.1287	92669.4091
5891.1499	67974.4835
26231.8725	25028.739
93574.7766	65115.3803
62956.8919	33360.308
56959.5653	46533.8223
13419.1067	33701.6157
50139.8531	55687.2189
33356.1445	1114.5689
74196.7731	99841.4965
34723.8109	51821.8224
11649.4917	11922.8336
60676.677	84767.2753
12264.2302	37347.3305
15349.8273	22905.813
34013.5467	46130.2564
40625.8394	22821.1140
10393.7117	98513.929
15341.6788	60146.8329
681.7110	43896.4990
87500.3604	98248.8332
32475.8157	6890.3294
83655.6287	75555.4973
46879.7844	32663.9
6334.4715	32304.8341
54447.1762	99285.7330
39701.3841	19152.6884
2962.2467	56414.5233
35671.7769	20393.3986
33523.7041	19783.2008
40457.5802	2790.1751
88816.6393	94877.9898
29081.9301	70050.9350
26289.8254	27017.9247
99791.2711	52955.671
47855.4438	1116.7913
78769.6993	3020.2889
24420.5332	34906.3216
90790.4653	76340.1979
91928.5997	15444.4878
55924.8096	7620.3495
11997.6101	65311.3918
70832.7921	46068.5535
53091.1183	32423.9609
76603.2839	21463.7890
94301.2537	43695.5785
64735.3628	52191.4372
17551.2281	42092.4226
96543.8712	12084.3625
46561.9597	33579.7589
70630.4919	73576.2736
14857.1955	98035.5590
63817.2240	88641.2534
66358.4231	51110.2506
10555.3164	55745.3556
72198.9029	61717.9785
83980.9359	64033.3522
22066.8965	81812.9790
28227.3230	17936.4685
81965.1044	88112.9111
73870.225	71265.3929
59718.7590	63685.6860
38705.7563	88184.3321
94656.2945	87504.5307
56168.4163	69600.1381
15234.9215	75596.5857
49026.2460	88532.6140
8565.5139	88495.816
60222.9887	17953.8954
96584.9274	63113.4334
3065.1915	54440.8216
91479.9709	33288.966
13251.9050	40348.6438
80749.5782	21031.2617
44648.3688	47606.1144
53720.8104	15317.3274
55338.3520	3195.9206
3985.609	47763.7497
64646.9276	85274.2007
37647.5367	1935.2147
68392.2080	37066.8025
40471.465	42193.6651
59843.1683	50155.1044
65390.6819	63552.3005
65523.2257	29351.64
64995.8557	20577.6608
76802.8858	26956.9345
13027.7663	60640.4416
87769.252	6363.650
55144.8045	82814.2435
85052.9834	78287.7135
88820.8211	51197.7978
33550.3237	35699.3041
98083.9668	18855.8958
64948.1980	88183.2027
28346.7195	81842.1522
74890.7062	27735.9390
51224.4429	72008.1671
25406.115	80354.148
70179.4872	60827.3819
87296.2673	62529.5875
3075.4092	57800.8914
44467.6444	54328.1931
33001.769	69786.6170
17758.3698	74020.444
46743.1855	78407.3264
44707.2166	99116.8250
76459.9750	35687.9302
96363.3144	87475.6601
85247.6293	99665.5627
8286.8193	15318.8483
65074.7353	42677.8989
26525.2681	11244.6099
37452.4997	94022.9498
11264.9370	13793.9838
71013.8072	28577.8129
27154.5868	52481.1056
2103.2198	89569.3360
17547.6974	62285.2066
34478.511	95629.7498
2415.5952	74286.8662
63660.9793	23453.9404
30199.3331	41525.8076
34501.1963	94719.342
5135.4745	36900.5548
60764.8249	5019.8613
46389.8266	47022.9202
56256.8863	53956.3289
27817.5537	78518.9633
2976.2539	88924.9722
23151.5840	57129.418
41893.1085	68625.8034
49517.1435	98991.733
15487.8749	79939.126
10567.3898	67452.709
67257.4821	9651.3562
54994.7097	75249.3876
58928.456	64928.9118
85344.2548	86488.5030
42587.9956	55629.2505
32098.5695	16618.2826
70459.3582	72598.4287
57761.7128	96008.2585
11131.97	41070.9841
39267.2459	72702.4642
2553.3437	86936.5391
41592.9470	80285.7007
10791.7658	53324.9869
48492.3592	37083.8747
33131.9763	52875.2447
19947.3427	52060.3433
20728.3917	9142.9650
15360.1594	93091.2808
42504.6633	27808.276
37021.5328	6608.8521
84574.5851	32711.7665
92596.3169	28009.6971
65305.7928	32623.4479
61316.9389	1859.376
46011.5847	35354.2723
46001.1750	5473.6938
64869.9360	84432.3376
46569.9254	16343.2763
3244.1448	93553.5456
74056.975	84423.8974
94932.2560	30467.3849
67746.1589	3767.8005
5325.233	28605.5714
67255.9384	15393.3567
57750.353	47601.2847
89.6142	63124.6153
45298.3938	26662.4253
16410.7112	58303.2214
92981.7764	7693.1608
25541.4157	88494.8414
86582.1472	73212.6818
31001.3130	95369.4963
60938.3646	42730.5151
53326.7765	5747.4237
8915.7537	23727.1313
84854.2601	98328.9604
63768.2588	36050.6023
92778.2492	25575.4690
4499.2055	64594.5968
54845.5248	72218.5256
51916.5032	20777.7774
72606.5375	36566.3789
81071.1244	30492.6996
86135.1788	44676.7280
84931.8288	20182.4012
64026.3388	68863.5896
36784.9257	15074.7009
52602.109	87339.4675
87460.5833	855.8720
87592.5531	27496.7066
30135.6834	19609.5937
15242.7176	53776.4256
1803.1335	19229.1495
24506.7126	92223.5584
6834.2114	67696.135
59326.5062	65797.8394
78257.3635	47629.9695
77904.8899	94159.3017
53074.1505	33028.4775
84392.5100	61551.1016
69670.2621	9849.7559
92825.5211	92715.6094
41166.9026	2561.5745
32832.7290	68115.49
83290.4247	28091.4310
77422.4198	28225.3794
25254.2684	5354.915
79072.332	97301.7260
2793.4116	43746.5077
22345.6988	22529.1916
37746.2365	71049.3054
64086.9355	31747.9160
33780.7730	27988.3754
88637.2175	96730.2598
5751.36	49995.2937
19569.1590	82273.4606
56225.4407	42338.1544
9291.6813	98946.7752
24555.7408	62577.9630
31165.1162	23353.2048
80775.3277	99849.4523
27603.3827	11427.7106
24112.9104	1189.6395
72836.968	82326.9599
96169.8886	46212.8590
75678.2154	50752.5198
22899.2234	41576.9240
53257.8983	46114.6013
12850.2376	97445.6808
82249.6655	75425.6680
86523.4458	6136.3627
59316.1507	23728.973
97717.6410	83611.4355
23523.297	27197.1737
67774.9869	33844.7471
18500.521	78042.5720
923.7248	43657.9393
96903.4652	40618.421
7139.6901	82640.8327
28065.1052	18348.3521
6071.762	58816.5282
37172.4736	31880.1894
92155.9979	35249.5664
17224.2318	71473.8499
9163.9497	24576.2980
49985.431	6858.5829
59653.6455	28421.6942
17426.4617	52181.8890
40259.8692	38974.4977
36715.994	1469.6954
98590.74	91964.9218
13571.309	20028.7232
23625.7647	39504.9579
14624.2176	67738.3590
8191.4888	5940.1336
52942.4982	88848.5459
65853.4773	48095.2832
80555.6331	26235.8270
63389.7924	19260.6104
69369.4953	19171.4939
47125.4539	37591.2086
5346.8297	16531.2779
98481.5573	88586.5648
30473.1006	45633.4639
21454.4490	14624.7104
48322.5823	66286.1714
69209.8279	15623.9733
31567.2715	43267.4327
3195.60	8266.5804
78040.1828	14257.778
71351.2027	42083.1959
28083.3950	31249.9079
90342.2645	96265.5161
82586.1171	14569.1743
61258.5958	93728.1574
55809.3380	53757.9805
26612.7171	74054.6599
52744.8798	98485.9318
19449.9001	98553.3019
55646.1693	54362.4946
27047.2020	87209.9397
85626.7439	44029.4693
96472.6631	75188.3946
72127.9020	64758.9577
31844.6202	1364.2383
75213.1355	21281.1762
71006.900	19351.80
24061.6068	55046.1148
48854.5774	92667.3100
63561.5999	74851.4357
68640.1783	3092.7588
87258.5743	79820.2693
28856.7460	4668.5463
45426.3032	68414.8592
41860.7102	84867.4383
51849.3430	77590.1074
32403.894	2232.3040
61263.1807	48853.3123
91184.2520	19140.4419
87046.6198	90704.2128
38197.6918	99810.1413
10966.3303	85451.7585
2621.6140	78315.8706
30398.6077	43064.4400
24284.6986	75123.7026
97633.7085	16781.3293
37084.1040	91351.6890
83571.1515	5509.5942
36080.1173	39895.7143
58406.6783	47877.8095
30684.3709	50808.9711
58232.4576	62584.128
38480.354	55932.9669
23541.8175	58261.1893
68058.9825	17851.978
60147.5336	41979.6925
87972.376	7784.7346
80452.4027	72265.6059
4245.2066	73001.7311
1506.8284	59745.1260
62054.2089	17263.6197
20861.6936	86644.5091
35927.9151	32181.4774
8494.6494	55508.6475
16959.2093	88250.9506
94934.8946	70219.5564
71566.7495	76399.5850
9048.8857	91426.3377
59157.3459	43328.4295
29597.827	43009.6116
3004.2826	46542.5900
99587.1998	67593.5273
94227.8527	16495.2614
3992.1592	84400.7823
24463.1194	26528.8768
37668.341	75421.6250
3467.5110	36392.8581
26188.2063	50171.2483
83506.6708	30220.2961
66007.2741	34430.4930
92124.7492	92208.8000
79292.7426	19965.6346
23513.8719	13521.2266
51456.4058	29906.4279
64250.9211	89136.1275
64732.540	36925.92
83032.2633	16320.309
18090.7127	28733.6515
74822.7056	78295.2368
87566.6760	58825.7407
92939.5444	38727.9710
40786.7806	37417.9894
48323.3492	23551.7847
3877.4904	69325.2770
91528.1198	94551.7059
38035.3033	4689.3373
44578.6333	94229.8676
43393.7496	20327.7333
84406.7008	69352.9945
2511.6279	96099.5316
22006.7094	65339.1755
10081.6148	5751.9959
5934.5593	46287.6021
25817.7141	22514.6004
84867.9624	30450.6510
10084.1073	66676.649
86902.5879	73490.3081
21391.293	34365.2938
73492.5652	67788.4558
38368.3019	42407.5140
85603.9662	59803.5482
38795.7708	66673.8109
31729.2518	67505.1471
14023.8920	40447.7973
40721.1882	58968.464
69789.2970	98879.8086
53648.8362	49424.9896
97088.1149	51172.9319
37039.7260	87990.6544
53552.695	57174.7957
59801.3308	90282.139
89685.3953	26220.1476
77273.1632	98126.1479
26880.8194	11146.5864
24757.1599	77021.2651
16582.276	52555.1395
37838.7360	26499.3263
23327.6836	70874.8745
32911.6720	62656.381
43852.2519	27878.1284
49804.8353	52053.8859
33265.29	33409.3367
51091.5390	73769.9578
72577.1475	94892.4672
88805.4704	29187.6492
68775.2003	52938.4682
6854.9331	62976.5276
34765.4732	43322.227
92564.6496	41103.2460
52206.2486	51613.867
19689.4903	91578.6583
24145.8560	83295.4959
4645.2851	29585.707
84617.5333	43949.1581
58767.656	52824.118
50022.8101	43557.5457
79988.8304	88027.6019
63238.7890	49100.136
26595.4279	6573.2783
31278.1039	2384.8537
2786.4988	38853.8035
47719.7190	342.6333
72445.7817	91527.6739
89937.3947	1267.1035
97529.42	63724.7132
47740.3500	16251.3724
99706.4372	6502.9663
34936.687	49098.2967
54762.3806	98594.4522
64802.6019	46979.4804
1556.8220	61982.1403
12808.3207	9124.989
23288.5777	2145.2233
25121.3596	2463.3886
77893.5580	31509.9105
39447.7154	72514.1545
34353.4678	89873.2686
77738.935	53450.7886
33464.7297	40581.2535
69962.7606	64327.633
5201.8492	14153.624
66526.3031	40459.1341
84302.796	76450.4065
17851.1204	99311.8790
14621.9976	79644.6511
14448.632	6157.7076
23611.3939	10181.5167
73165.9067	59948.341
2865.8549	3842.4854
9897.3360	8499.7231
64118.8022	25161.6306
91224.2232	29586.5411
34621.7624	41955.2669
5527.4598	61495.5179
22894.1188	69858.8779
44786.6258	83362.7964
30025.3633	2107.2327
32763.8413	57531.2718
96706.2668	55282.4358
84185.9124	20314.8962
93074.9129	5029.4947
95968.8723	21489.2795
74380.6881	1654.5739
91684.7984	63520.8743
58007.1537	14490.4645
15675.8850	41333.6226
87864.5828	834.6416
67910.6439	89487.9142
88251.9132	7191.5298
48396.866	19037.5888
23724.2344	44521.8615
2075.797	40987.4544
15532.3499	24145.1797
96112.4774	85627.5604
68204.1694	53778.3843
79215.7667	95030.9456
79777.1140	47769.1934
45696.8536	31915.9483
20776.7341	75015.826
87284.9968	84396.7688
11518.696	14787.2230
54032.4118	47613.2430
95676.5709	36550.189
19521.8960	46063.9009
57115.5837	18258.8819
7167.6276	40634.1014
70698.2140	60722.1038
73922.2081	96833.4174
94186.7715	82359.4331
66422.2776	4820.2910
64027.1772	70883.5178
7253.2101	23164.5614
85894.110	91682.4796
5163.5026	21891.241
63499.3302	84561.8678
52727.5337	46931.9505
98206.2039	22191.5450
53809.3414	30793.6673
51934.3665	70162.4612
10613.4230	48474.244
62955.6227	44503.6643
41156.1365	62789.6387
31693.2971	60616.1900
69102.8961	9544.1722
7594.8977	3752.4661
33990.3131	87574.1270
95431.2625	69574.4488
71724.963	71965.8228
93153.4635	61285.2781
61771.9267	95002.3071
16180.268	58062.3311
12749.7101	1195.2613
34194.8673	36461.2904
75306.3623	86641.4855
16970.1524	42122.961
60840.9383	25969.5348
51867.3756	78044.9491
70591.2935	91986.3677
42300.2837	47458.4497
51881.6015	19083.8398
62827.5321	74559.7572
67840.6225	63361.7678
55433.5853	37396.1647
67455.1239	11994.3173
35609.6422	98324.7443
37333.6272	11355.7626
50825.7912	70312.5050
64714.319	99818.18
19478.8374	30902.4073
72202.9655	39630.8525
30595.6579	88657.5171
76392.5216	90624.5809
39404.5424	52586.2212
53129.1770	11864.6196
90422.6551	53630.3084
55689.1745	28474.9164
37444.8406	14364.1030
52553.4516	51780.6090
8277.1957	99043.2800
33048.9369	26994.8285
8064.8530	73960.3733
95639.3684	95580.459
45066.628	28719.9730
4349.8856	67012.6330
21649.3737	41268.9666
84669.8783	10095.8494
84620.1926	97917.7021
11999.3716	52239.3348
72336.2578	56827.3122
88316.500	44090.9119
19639.5174	86150.8800
69199.857	78958.2405
7559.3085	35279.2302
40056.1523	20210.1790
88632.9623	73145.1643
42399.1011	45321.6917
57993.3280	45328.2609
84933.6412	88476.1102
25629.5220	648.2926
17505.538	29287.357
5223.4489	47507.6819
97455.7973	52500.2245
43951.7083	10421.850
30676.7172	93708.1141
35775.21	78887.6365
8919.909	36471.5101
81459.3081	8338.5381
81661.8730	99696.9098
13523.2963	35070.7511
49579.5202	22837.7641
65137.6376	34596.4475
48969.4965	78367.9003
52494.3664	16170.228
15786.2930	98156.2037
10237.3357	67819.4378
61548.4282	48487.7917
45993.4434	29294.999
50153.967	90631.2987
19265.1026	9517.9789
47452.2964	20362.6077
11228.7225	65864.5281
34566.3096	88873.8468
37474.1914	46616.9053
71943.1596	87831.5175
65824.3783	61574.8762
66286.1456	25707.5491
54767.4559	33253.9527
78010.4000	57993.4534
90284.4879	27783.3987
19381.5038	72258.2357
9868.5102	27379.3678
37269.3143	72268.9277
31684.8057	92144.2507
37985.8999	63709.2908
16117.4581	41135.7509
70278.6323	42358.8862
43672.5564	41824.7681
25662.192	66461.2963
71789.2530	21619.2216
7460.8357	5371.3317
86949.8021	94866.5983
96758.9795	92084.9761
62540.7499	45074.1847
34114.9554	79006.7442
12729.1233	1420.9167
23125.9835	43202.7903
73177.7191	23867.1664
28497.8963	65125.6864
11044.4943	14861.5921
38698.4422	7758.9455
21760.1658	77103.7175
28594.2514	54860.6816
79198.3186	42566.6976
73248.6050	14647.5401
57624.7767	26600.6896
81092.6133	29588.2121
21575.819	36525.6144
67597.6282	98478.4301
43905.8785	80553.9940
99925.4582	52552.2416
73303.9586	91729.9556
2095.1829	21069.8839
24941.2618	15858.8984
22462.4970	46684.9548
44754.1753	99085.4824
85428.5855	58098.4122
97421.849	49282.3284
52830.2891	70485.2657
82704.8339	6778.651
886.6541	71258.3140
90976.9197	38097.8651
7614.6859	30332.4845
28432.9574	11107.2468
38860.509	79976.363
65232.1232	64017.7902
10677.586	25534.5734
68715.4171	2555.9322
75557.5992	77965.3966
70897.5891	45707.333
22745.6847	9790.5352
99959.9376	2682.5882
65270.2635	86615.4367
15609.8827	52556.4202
94647.5471	30854.8408
18796.4822	62934.8480
54185.7242	4979.4315
45259.2258	91221.2812
9019.3972	66740.6012
19631.9714	66386.2652
31687.9736	54526.6797
14667.464	7972.8435
69741.2925	63472.6058
94429.8049	9263.3679
83820.3748	5995.9107
39648.6324	33829.1723
64367.9335	27831.1932
45760.2436	94686.7430
21731.2558	92256.1122
86571.8150	23289.212
63866.2394	31719.5674
59842.588	17642.1447
67605.1390	28753.6198
43350.2924	25557.2401
63674.3860	28034.6878
75009.5445	58656.4161
72476.873	55285.1216
17339.1698	33398.6790
14287.5331	92073.7934
66473.6574	47903.4838
45135.8335	41871.6284
70973.3475	1536.77
32826.1625	70828.4754
49605.1777	65945.9022
19021.742	96140.6502
73782.2990	5043.9962
14770.3090	80961.2663
52639.2694	9351.6699
40283.6484	12443.7995
10665.4015	97094.7595
73807.8975	10538.1210
23189.937	93138.8429
8357.9967	23765.3014
96412.2646	77597.2369
20134.5046	47224.6602
647.3541	93379.3637
66331.4855	35771.4169
33129.1372	72215.2123
43908.5728	10360.7024
55166.7842	23508.2927
93282.9698	80262.1727
95634.7915	74563.9802
96296.1295	85256.902
17811.9101	59141.4097
81256.9866	14651.3032
49158.8751	48592.2921
12263.2910	94618.3655
41513.5029	75674.5
78988.1403	48484.9222
4590.6518	63990.2688
94600.9496	75056.0
18178.3454	46230.6538
24497.2196	25413.347
84018.9708	75629.8692
88508.9675	16832.2982
82969.6065	82860.7916
23032.3132	69830.7597
84673.2035	85025.9215
79423.4098	44103.6304
78343.7064	90566.7527
59876.8555	83684.1546
43678.3725	78976.96
74562.9158	92376.1299
2645.2360	82530.2697
20399.1395	12132.5283
52031.5819	85456.4927
55847.8564	87999.4944
99158.2931	12360.4986
72309.2148	60253.3555
79327.7394	29783.3338
96241.7607	90652.5117
59576.1145	88185.7854
74808.7694	71136.1642
66906.7044	42569.7502
25100.934	79772.5579
382.8314	49022.9360
36048.8565	2605.1359
83909.3886	41210.4433
9774.9070	96855.1884
55970.428	50584.3757
95388.6584	78533.2917
43737.6406	76240.2865
90271.6296	70651.4185
87302.6342	60206.1066
30776.2250	20392.7183
41448.6662	66317.4755
58601.3676	42449.678
88776.2503	22026.4111
7392.9235	78399.6434
13726.8800	74588.2200
77629.6249	41192.7596
61884.1952	94739.8539
35882.5254	1717.4248
36814.2479	23463.5558
92937.7256	75810.583
84410.5595	7870.3653
73449.4916	73610.8659
50165.2825	43686.5073
32424.408	65265.9872
80248.7579	9776.5225
73498.1666	88997.6649
37807.166	36034.9248
43101.8552	48858.2575
23362.4931	57946.251
5609.845	47810.3268
15834.568	98765.8553
39259.1621	11106.9824
4417.7313	41232.472
27704.3429	12115.8234
2409.7703	1959.7894
9380.4319	43805.5252
88684.1765	17781.4215
89270.7958	51512.517
6825.4374	64459.3030
70352.356	92229.656
57346.7192	17905.5169
42572.2457	36260.8364
88310.8238	89813.2151
56741.2245	9577.5934
86783.5885	69202.7064
82226.8053	7499.5694
63384.7971	15734.8733
93183.8213	87224.3741
6269.1676	94431.7501
10479.5911	36556.5796
84086.8566	43874.2349
20351.8682	88234.6274
57030.2224	54537.5376
89587.4994	29774.83
7585.8214	72630.1614
60873.8051	19073.5975
11081.7340	20479.5824
93223.8121	51937.8561
20162.2159	89774.1353
67716.9664	7143.2004
60191.232	71550.1639
75484.4518	91474.9225
76907.3434	58872.7244
34668.1406	83098.6290
30244.9337	28630.3508
85148.2749	13696.2450
72393.3350	90048.1004
63425.8558	66754.5266
28146.9694	54883.2805
7122.2752	9681.2573
18999.4441	45304.3860
29682.5137	43819.5518
99683.8111	92457.1317
27649.1336	64958.7119
74593.1722	1614.2948
10414.152	80505.6700
78416.7641	11373.567
15392.9602	98782.5946
73471.6900	90443.858
51260.1833	30732.5834
67100.2414	32256.3882
10590.9724	46968.7944
67526.3088	53635.7208
34321.6034	37479.1205
89579.6621	17142.5833
18225.2412	92964.1786
55695.1754	37676.2434
61566.4816	9547.1243
93635.8722	77441.311
86212.6307	55586.442
46720.3540	23127.5894
89198.2912	71839.8135
71132.2933	57265.8956
97556.1063	42864.5879
27284.701	97108.8111
51409.273	3046.3236
72444.1840	5094.3001
18854.1950	69342.8569
14848.348	34853.1201
39348.5701	93429.3387
1658.9419	97423.378
69361.5969	45576.887
95317.6116	58373.5550
54460.9907	96334.1788
