300
50561.6426	97884.5385
95841.7141	62269.7562
47658.4655	92674.7178
36069.4547	91492.8
60924.8750	51735.3646
5128.5870	10748.815
66003.9497	24085.2660
92138.6859	65241.4412
78154.9324	64133.6164
39461.6487	66329.2936
73664.9929	79728.9013
64326.6686	60894.3811
67327.3182	63813.7868
68933.4841	70792.2685
18640.7297	49300.3771
47556.4432	67272.3500
34832.1138	84302.9711
45925.4287	43768.7188
18841.6255	34637.9273
53573.2389	97769.7067
76234.2596	4644.9539
54176.7635	83256.701
21768.6149	87833.6811
62295.574	95986.2405
94145.969	14055.9722
23072.1346	55324.9204
24104.9601	88601.612
56196.9817	28917.2192
32046.5157	64438.988
45643.2326	2372.6219
9204.5502	53515.7416
28710.1311	79162.7945
39554.7586	45347.1925
37210.9590	50552.4496
60371.6782	69463.620
21062.3188	50311.6641
30638.5605	18375.2261
16090.41	7279.2799
82563.7169	36104.1924
51033.1224	93634.9418
54670.2091	35530.3510
75417.7691	86612.91
87985.5712	20848.5217
86141.5387	23109.2105
33715.5892	42928.964
36485.4924	98328.8551
46073.3154	842.3425
54424.2586	41252.6843
36647.9968	66201.8472
24578.7652	23392.6535
34187.3	99996.3232
49325.7683	97237.2954
68965.8265	52532.3190
82858.1379	82023.5016
94695.347	93085.3691
4101.5680	83350.2909
25845.6343	77718.7745
74432.1020	44839.9149
91153.6604	77236.5906
70802.184	71331.358
50958.3439	36348.7260
76553.8167	50863.9921
78776.7356	93294.4907
8349.9953	41141.9429
24199.5306	4620.3896
96937.4402	97157.7395
91975.4620	66302.1247
15896.5166	22271.7437
37962.4659	39197.243
20653.1628	66074.5012
12139.8482	79055.1001
43064.7229	7478.1252
16994.4486	80944.7546
30091.5161	78871.9105
91572.7324	76491.492
49286.2402	50094.9491
6771.6717	90530.8281
86037.8620	91226.6127
10091.4757	58313.4882
89260.1175	68414.4027
98729.8142	75776.74
47330.3383	14308.711
30051.5386	97824.3648
58579.2316	76361.7717
4794.7200	8245.4521
34525.6806	62411.6588
83396.555	15820.9904
86838.8986	60852.3992
16184.5774	84053.7148
61794.2534	92532.5832
30320.9443	30461.4874
74159.5115	97940.1720
37150.1914	42811.9832
33478.2240	82338.4134
34089.6064	18027.6552
67120.4528	16948.7848
94704.8575	28072.5825
53022.5497	99980.9354
72866.3506	32341.8985
81635.6949	51402.8075
53262.5091	96606.5684
58175.1339	43465.8583
17687.2566	30656.6742
23109.7163	91048.9918
76119.5372	47231.1861
20192.2631	99243.3050
69014.8961	64166.3657
32922.8454	19926.7765
57227.2489	23105.1067
39777.1514	56190.1387
19031.7766	25039.5855
65092.1975	97422.4252
67227.3081	72058.6495
81978.2799	26013.1327
49895.975	92294.436
42641.2399	20113.3558
17086.3518	69319.9628
23616.2961	60888.3161
43905.2350	5362.5824
80743.2201	7741.1624
25251.5916	76728.5452
28605.5267	95481.9460
21939.1882	89522.7091
33207.1728	34712.6466
75719.5724	44572.4684
95329.6206	68998.4243
58540.521	76079.7919
22382.2811	72634.1721
46673.5341	56285.7631
46020.1424	77841.5665
84404.6998	38636.4688
49481.830	3576.8610
70720.2626	71196.4112
28593.4657	76668.5644
90957.9525	12770.5297
71721.5807	39319.529
7926.9441	3541.8621
618.8718	72969.6438
15975.9292	15517.9359
14021.2436	11390.7759
1648.6320	93105.9350
54618.5669	51234.1236
11835.5550	45982.2499
28466.4143	29234.2482
85400.3604	69026.4504
73382.7006	36468.9747
372.3661	84564.7117
91863.1951	22779.7276
70628.3614	20577.2705
94080.910	46939.608
35211.7269	74465.9066
71529.1830	31284.6409
35859.7153	24770.812
31227.4591	62890.3757
22355.9283	98467.7624
83694.74	34979.4955
9629.5966	92663.2840
42239.4384	51981.3519
3636.4930	11521.3550
35002.1869	52736.3990
26490.7500	94919.9329
19114.1150	82649.5317
87695.4508	45602.7131
48741.2957	39439.1282
84176.9887	67275.8073
37065.545	80572.2568
64404.8980	77495.8045
10201.8223	22130.7265
86135.844	95377.249
50101.5832	87574.7953
84038.3954	71732.4515
93000.5658	81729.4614
57492.1261	49756.2233
39016.5208	982.6938
93801.7795	56147.5138
87700.8684	74343.8080
79219.5915	32050.2493
44434.2712	71918.2460
91969.2821	87104.8069
30079.4783	20059.9368
87124.4558	5790.8709
35679.369	22531.1090
34660.3730	18360.9487
84738.8589	66613.9239
13471.7752	58005.8325
10170.3264	87996.8049
76785.8904	92670.3137
83531.5080	88762.3287
67100.321	89947.174
86345.2009	18391.6583
78854.5986	20165.6799
46122.6607	20613.325
15401.4867	79916.154
52074.8428	66914.9275
66225.1616	99984.9850
37482.7595	33620.6166
92686.7203	12809.4021
16228.4713	49073.6927
23356.2355	3241.3856
8421.8212	47024.45
42416.3080	16093.1588
39310.8176	50620.1672
8570.1125	35743.624
91001.8592	95331.7739
2615.4415	1046.5850
66877.5379	7367.7869
80048.4166	1902.9543
91118.3865	93518.4238
59122.7101	84618.7259
90403.3322	2434.5060
15977.7019	30787.7378
31101.2527	18522.2682
56060.3233	58206.6262
88188.7524	7640.3281
59633.9649	41403.8734
21710.915	27129.263
24798.7283	53462.1441
7011.1895	67147.6169
96739.8824	95700.1073
61428.9670	37365.7994
60320.9327	10236.2501
5458.7899	34699.6712
61091.4238	11512.2687
17751.548	4771.4290
95832.2295	52161.6172
91417.663	52261.7958
12078.4520	67340.1761
99720.2758	84736.4944
60220.2477	76870.4209
11082.3497	68944.2759
23120.3130	19483.6788
66802.6640	15791.3718
50932.6048	79300.1782
56083.2007	55145.2737
13280.8973	90039.2541
25684.7526	77701.8707
31857.8383	69495.5762
38191.1210	69658.3176
65039.2206	57642.8476
82381.2714	88124.5183
47021.6380	899.1366
25967.8115	17300.4642
37500.2569	59142.7251
42502.8126	37961.2912
8210.6323	46520.7285
66279.5545	29045.5448
60853.1432	66954.7659
92838.6731	21467.6543
85793.8924	14682.8297
85584.3768	26152.6643
66228.4192	95219.9676
94037.3332	85572.1507
62425.7477	71336.808
1151.7460	47614.292
10328.1028	2581.3168
51231.4973	99365.1458
31259.687	84280.9133
59722.4352	98995.1250
51756.2457	74007.6910
97349.8108	74566.5524
76577.9598	20744.4443
90962.4505	13523.8061
82438.7919	18504.8674
8844.2902	39412.370
9708.9541	31031.5744
42483.4228	1863.8446
41286.1256	66028.9444
93567.7943	18383.7212
93502.4536	28473.3921
35227.7100	28755.4644
77812.2519	71583.7087
84023.9036	88803.5416
36363.5754	82598.3285
21787.36	73810.1040
9472.9144	71654.5821
2896.6873	77618.2791
72372.3835	6812.8349
67332.3100	61869.8515
53314.225	4137.166
60773.437	49293.1953
9823.2935	72691.6202
61974.4122	2958.3166
87842.476	24871.8751
71882.6948	76277.5286
6399.6369	63899.8766
57164.8377	57726.7245
42965.8550	18626.9624
68197.9782	75721.6369
62984.8337	74362.5389
32503.2134	72311.2024
53045.6914	61649.4104
26981.1712	31021.6720
37864.8323	6253.3357
87584.9805	82667.6407
34755.4076	1221.5428
98440.2655	20278.5387
40129.2641	92139.917
90235.7104	91012.4717
39313.8894	70080.199
82933.9618	19415.2943
