100
75955.7720	32399.5123
33677.5831	72242.181
6652.3055	94024.8908
3104.5925	57171.791
35589.8796	18649.912
32800.4669	56688.1284
61538.5586	64479.4449
12225.1166	11364.7989
31598.5956	28164.4905
93752.9588	50701.704
68603.9866	30453.4963
90513.7454	82297.8879
9779.9710	10863.7913
56345.8150	71484.3565
38031.1626	48510.8073
22569.7996	34254.1423
94352.8623	2915.3654
39325.4831	15860.7531
71110.5740	18761.5115
27450.6623	93369.16
64102.4855	5508.1809
14234.306	74979.3829
85975.5733	39254.2819
47984.8748	68755.4117
17992.3249	2695.6819
46103.410	80433.2222
81826.6273	50624.406
461.1579	1634.3342
77309.1533	1716.468
75821.3093	29804.4075
62142.2818	84098.7725
89935.3201	33555.5944
52964.5258	17817.8880
71546.5292	88656.6688
99424.9589	77569.1854
9019.9463	80249.881
6577.9802	93472.5102
81293.8017	43046.428
48805.5110	88735.3704
22934.6075	22516.9279
69185.7202	57286.7042
15813.7496	58026.6153
42819.156	82305.9207
58651.320	15719.5224
43161.5981	57795.644
28691.283	70723.9756
82432.5032	18509.6813
65757.122	37841.8599
71538.8557	51908.1124
37578.6048	57005.7050
12371.4437	59225.3761
87934.6742	6357.484
82899.6956	36236.7430
11248.5855	34530.134
53291.2961	5597.8525
55959.8644	95107.9574
91187.4089	54929.4069
7115.701	30072.1217
79873.3470	4907.47
19705.6554	32403.8393
40944.1865	36014.2986
72160.9405	35729.72
3036.6792	97125.4079
61078.722	2406.7986
84608.9247	4166.3906
24909.8942	67160.9591
26777.4159	16270.9843
80393.7725	11604.1202
14139.7950	46278.8915
3622.4189	57290.2187
30868.9605	53968.9157
63855.3781	67996.3135
79772.267	47627.2321
2063.5618	91612.9890
48757.4707	17370.4144
33760.3873	49020.3212
16590.5535	77833.6936
82320.4581	37198.9577
90778.2991	95741.1221
52485.7155	46497.9753
40659.1918	64098.8075
13352.4752	7148.9773
57210.1115	82656.3895
80628.4106	37152.8763
32143.9418	65347.6941
85450.8722	36130.2591
71572.1244	38763.5544
2295.3218	53024.6711
85327.7046	67196.1861
32641.1452	18337.1576
12947.7293	81416.8470
68554.6619	38805.5228
93388.2396	62582.4017
12831.7365	84589.2601
66880.8466	17211.3049
33674.720	71929.4811
51337.3094	57823.8517
38462.9760	96042.8125
45011.2561	33387.6873
96614.2611	62165.7378
