10	0.115
20	0.163
30	0.119
40	0.117
50	0.212
60	0.105
70	0.139
80	0.281
90	0.117
100	0.317
110	0.429
120	0.35
130	0.7
140	1.165
150	0.713
160	0.545
170	1.166
180	0.268
190	0.542
200	0.581
210	1.019
220	0.363
230	1.182
240	1.219
250	0.574
260	1.013
270	0.584
280	1.502
290	1.016
300	1.981
310	1.073
320	1.041
330	1.215
340	1.335
350	2.252
360	1.55
370	1.137
380	1.618
390	3.466
400	1.097
410	2.449
420	1.698
430	1.021
440	1.63
450	2.326
460	1.846
470	2.005
480	2.206
490	1.026
500	0.969
510	2.933
520	1.632
530	3.254
540	3.83
550	3.86
560	4.938
570	5.229
580	4.473
590	3.839
600	1.721
610	3.435
620	4.722
630	3.317
640	1.531
650	1.053
660	2.727
670	4.183
680	4.584
690	2.672
700	4.186
710	1.29
720	2.473
730	1.873
740	3.474
750	1.005
760	2.876
770	4.066
780	3.614
790	2.847
800	4.044
810	3.472
820	4.347
830	3.38
840	4.771
850	2.955
860	4.667
870	5.304
880	3.808
890	5.232
900	4.798
910	7.802
920	3.77
930	3.868
940	2.621
950	5.809
960	5.327
970	8.136
980	5.128
990	7.042
1000	3.552
1010	6.72
1020	8.439
1030	4.534
1040	5.152
1050	5.227
1060	4.932
1070	4.855
1080	8.417
1090	7.245
1100	4.15
1110	6.48
1120	4.425
1130	6.409
1140	5.171
1150	3.196
1160	4.594
1170	5.55
1180	8.745
1190	7.359
1200	6.759
1210	5.859
1220	15.605
1230	8.84
1240	5.906
1250	3.417
1260	5.82
1270	7.171
1280	6.267
1290	7.062
1300	12.675
1310	4.359
1320	7.847
1330	9.07
1340	10.198
1350	4.81
1360	4.879
1370	6.82
1380	4.249
1390	7.181
1400	6.937
1410	12.611
1420	6.793
1430	7.379
1440	12.72
1450	4.939
1460	4.255
1470	9.09
1480	4.083
1490	12.128
1500	12.351
1510	6.714
1520	7.223
1530	7.865
1540	9.871
1550	14.396
1560	9.484
1570	7.95
1580	11.243
1590	9.625
1600	5.1
1610	10.89
1620	7.016
1630	7.807
1640	15.407
1650	9.968
1660	14.997
1670	10.307
1680	15.985
1690	12.266
1700	10.084
1710	10.671
1720	11.409
1730	15.516
1740	12.896
1750	9.639
1760	8.667
1770	17.584
1780	14.478
1790	11.951
1800	20.726
1810	4.954
1820	9.277
1830	13.479
1840	7.044
1850	4.834
1860	10.796
1870	12.768
1880	3.922
1890	12.119
1900	13.455
1910	8.21
1920	6.862
1930	14.163
1940	7.492
1950	12.497
1960	7.825
1970	12.243
1980	16.702
1990	7.889
2000	10.686
2010	8.075
2020	17.7
2030	4.47
2040	3.251
2050	20.307
2060	14.136
2070	19.342
2080	15.92
2090	10.957
2100	32.65
2110	15.859
2120	14.279
2130	14.786
2140	20.169
2150	20.071
2160	7.449
2170	15.262
2180	17.977
2190	5.988
2200	12.674
2210	10.929
2220	14.254
2230	11.059
2240	12.614
2250	18.291
2260	8.743
2270	23.002
2280	9.523
2290	19.971
2300	9.973
2310	11.556
2320	21.269
2330	12.876
2340	8.792
2350	10.868
2360	8.81
2370	24.701
2380	8.373
2390	15.84
2400	19.555
2410	14.008
2420	11.176
2430	15.519
2440	6.01
2450	21.385
2460	17.226
2470	17.168
2480	10.161
2490	20.258
2500	21.699
2510	25.595
2520	19.003
2530	10.983
2540	15.17
2550	12.881
2560	8.821
2570	28.409
2580	11.36
2590	27.305
2600	26.139
2610	10.115
2620	17.756
2630	13.13
2640	18.243
2650	6.337
2660	17.154
2670	19.775
2680	24.409
2690	11.402
2700	11.856
2710	15.427
2720	26.46
2730	25.755
2740	21.14
2750	23.99
2760	17.734
2770	27.402
2780	9.782
2790	30.285
2800	7.997
2810	13.44
2820	21.759
2830	9.014
2840	19.663
2850	21.572
2860	12.671
2870	35.82
2880	14.348
2890	14.878
2900	12.128
2910	23.102
2920	14.668
2930	25.535
2940	9.408
2950	12.255
2960	22.455
2970	25.885
2980	21.432
2990	25.996
3000	28.899
