0.115
0.163
0.119
0.117
0.212
0.105
0.139
0.281
0.117
0.317
0.429
0.35
0.7
1.165
0.713
0.545
1.166
0.268
0.542
0.581
1.019
0.363
1.182
1.219
0.574
1.013
0.584
1.502
1.016
1.981
1.073
1.041
1.215
1.335
2.252
1.55
1.137
1.618
3.466
1.097
2.449
1.698
1.021
1.63
2.326
1.846
2.005
2.206
1.026
0.969
2.933
1.632
3.254
3.83
3.86
4.938
5.229
4.473
3.839
1.721
3.435
4.722
3.317
1.531
1.053
2.727
4.183
4.584
2.672
4.186
1.29
2.473
1.873
3.474
1.005
2.876
4.066
3.614
2.847
4.044
3.472
4.347
3.38
4.771
2.955
4.667
5.304
3.808
5.232
4.798
7.802
3.77
3.868
2.621
5.809
5.327
8.136
5.128
7.042
3.552
6.72
8.439
4.534
5.152
5.227
4.932
4.855
8.417
7.245
4.15
6.48
4.425
6.409
5.171
3.196
4.594
5.55
8.745
7.359
6.759
5.859
15.605
8.84
5.906
3.417
5.82
7.171
6.267
7.062
12.675
4.359
7.847
9.07
10.198
4.81
4.879
6.82
4.249
7.181
6.937
12.611
6.793
7.379
12.72
4.939
4.255
9.09
4.083
12.128
12.351
6.714
7.223
7.865
9.871
14.396
9.484
7.95
11.243
9.625
5.1
10.89
7.016
7.807
15.407
9.968
14.997
10.307
15.985
12.266
10.084
10.671
11.409
15.516
12.896
9.639
8.667
17.584
14.478
11.951
20.726
4.954
9.277
13.479
7.044
4.834
10.796
12.768
3.922
12.119
13.455
8.21
6.862
14.163
7.492
12.497
7.825
12.243
16.702
7.889
10.686
8.075
17.7
4.47
3.251
20.307
14.136
19.342
15.92
10.957
32.65
15.859
14.279
14.786
20.169
20.071
7.449
15.262
17.977
5.988
12.674
10.929
14.254
11.059
12.614
18.291
8.743
23.002
9.523
19.971
9.973
11.556
21.269
12.876
8.792
10.868
8.81
24.701
8.373
15.84
19.555
14.008
11.176
15.519
6.01
21.385
17.226
17.168
10.161
20.258
21.699
25.595
19.003
10.983
15.17
12.881
8.821
28.409
11.36
27.305
26.139
10.115
17.756
13.13
18.243
6.337
17.154
19.775
24.409
11.402
11.856
15.427
26.46
25.755
21.14
23.99
17.734
27.402
9.782
30.285
7.997
13.44
21.759
9.014
19.663
21.572
12.671
35.82
14.348
14.878
12.128
23.102
14.668
25.535
9.408
12.255
22.455
25.885
21.432
25.996
28.899
